px py yaw vaim_x vaim_y vset_x vset_y min_dist
-1.11764 -1.69117 0.0250766 0 0 0 -0 0
-1.11765 -1.69117 0.0251258 0 0 0 -0 0
-1.11764 -1.69116 0.0252376 0 0 0 -0 0
-1.11765 -1.69118 0.0251489 0 0 0 -0 0
-1.11766 -1.69118 0.0251805 0 0 0 -0 0.98
-1.11766 -1.69117 0.025038 0 0 0 -0 0.98
-1.11765 -1.69117 0.025105 0 0 0 -0 0.98
-1.11766 -1.69118 0.0251263 0 0 0 -0 0.982006
-1.11762 -1.69116 0.0252792 0 0 0 -0 0.982006
-1.11765 -1.69117 0.0251428 0 0 0 -0 0.977998
-1.11757 -1.69119 0.0245379 0 0 0 -0 0.977998
-1.11765 -1.69116 0.0251205 0 0 0 -0 0.980002
-1.1176 -1.69114 0.0254273 0 0 0 -0 0.981994
-1.11765 -1.69118 0.0251788 0 0 0 -0 0.981994
-1.11765 -1.69118 0.0252732 0 0 0 -0 0.982003
-1.11763 -1.69118 0.0252653 0 0 0 -0 0.982003
-1.11766 -1.69117 0.025138 0 0 0 -0 0.98
-1.11766 -1.69118 0.0251775 0 0 0 -0 0.982001
-1.11753 -1.69119 0.0246211 0 0 0 -0 0.982001
-1.11766 -1.69118 0.0251414 0 0 0 -0 0.981999
-1.11759 -1.69114 0.0253878 0 0 0 -0 0.981999
-1.11765 -1.69118 0.025113 0 0 0 -0 0.982
-1.11765 -1.69119 0.0252815 0 0 0 -0 0.982001
-1.11756 -1.69115 0.0255361 0 0 0 -0 0.982001
-1.11759 -1.69117 0.0249941 0 0 0 -0 0.981999
-1.11758 -1.69114 0.0252881 0 0 0 -0 0.981999
-1.11763 -1.69117 0.0250587 0 0 0 -0 0.981998
-1.11766 -1.69118 0.025105 0 0 0 -0 0.982003
-1.11764 -1.69117 0.0250432 0 0 0 -0 0.982003
-1.11764 -1.69116 0.0250072 0 0 0 -0 0.981996
-1.11758 -1.6912 0.0245209 0 0 0 -0 0.982002
-1.11765 -1.69119 0.0251516 0 0 0 -0 0.982002
-1.11765 -1.69117 0.0251276 0 0 0 -0 0.982004
-1.11751 -1.69116 0.0247436 0 0 0 -0 0.982003
-1.11762 -1.69117 0.0250374 0 0 0 -0 0.982003
-1.11759 -1.69113 0.0253606 0 0 0 -0 0.982
-1.11764 -1.69117 0.0252251 0 0 0 -0 0.979991
-1.11761 -1.6912 0.0252416 0 0 0 -0 0.979991
-1.11766 -1.69119 0.0251908 0 0 0 -0 0.980001
-1.11767 -1.6912 0.0251012 0 0 0 -0 0.982001
-1.11762 -1.69119 0.0251502 0 0 0 -0 0.982001
-1.11765 -1.6912 0.0253252 0 0 0 -0 0.980005
-1.11763 -1.6912 0.025118 0 0 0 -0 0.982002
-1.11763 -1.69119 0.0249328 0 0 0 -0 0.982002
-1.11766 -1.69118 0.0252201 0 0 0 -0 0.979999
-1.11763 -1.69117 0.02521 0 0 0 -0 0.981988
-1.11761 -1.69117 0.025151 0 0 0 -0 0.981988
-1.11762 -1.69116 0.0252571 0 0 0 -0 0.982009
-1.11756 -1.69115 0.0255679 0 0 0 -0 0.981999
-1.11763 -1.69119 0.0251182 0 0 0 -0 0.981999
-1.11759 -1.69116 0.0254607 0 0 0 -0 0.979986
-1.11766 -1.69119 0.0251653 0 0 0 -0 0.980014
-1.11746 -1.69119 0.0249648 0 0 0 -0 0.980014
-1.11763 -1.69121 0.0252974 0 0 0 -0 0.980003
-1.11767 -1.6912 0.0251768 0 0 0 -0 0.982
-1.11764 -1.6912 0.0251778 0 0 0 -0 0.982
-1.11756 -1.69123 0.0245989 0 0 0 -0 0.980003
-1.11767 -1.69118 0.0251211 0 0 0 -0 0.981996
-1.11756 -1.69113 0.0252481 0 0 0 -0 0.981996
-1.11763 -1.69119 0.0250169 0 0 0 -0 0.980004
-1.11768 -1.69119 0.0251484 0 0 0 -0 0.981992
-1.11765 -1.6912 0.0251089 0 0 0 -0 0.981992
-1.11755 -1.69122 0.0245366 0 0 0 -0 0.982001
-1.1177 -1.69118 0.025262 0 0 0 -0 0.980002
-1.11766 -1.69118 0.0249887 0 0 0 -0 0.979999
-1.11761 -1.69119 0.0252435 0 0 0 -0 0.979999
-1.11767 -1.69119 0.0252009 0 0 0 -0 0.980005
-1.11758 -1.69121 0.0245231 0 0 0 -0 0.979984
-1.11752 -1.69122 0.0246645 0 0 0 -0 0.979984
-1.11767 -1.69119 0.0252063 0 0 0 -0 0.982011
-1.11759 -1.69115 0.0255604 0 0 0 -0 0.980002
-1.1176 -1.69119 0.0250654 0 0 0 -0 0.980002
-1.11765 -1.69118 0.0251071 0 0 0 -0 0.98
-1.11758 -1.69115 0.0252338 0 0 0 -0 0.979998
-1.11751 -1.69121 0.024652 0 0 0 -0 0.979998
-1.11764 -1.69118 0.0249717 0 0 0 -0 0.979992
-1.1175 -1.69118 0.0250236 0 0 0 -0 0.980014
-1.11755 -1.69121 0.0245177 0 0 0 -0 0.980014
-1.11756 -1.69123 0.0245389 0 0 0 -0 0.981998
-1.11759 -1.69122 0.024583 0 0 0 -0 0.979995
-1.11761 -1.69119 0.0252148 0 0 0 -0 0.982008
-1.11764 -1.69121 0.0252136 0 0 0 -0 0.982008
-1.11768 -1.6912 0.0252953 0 0 0 -0 0.979988
-1.11761 -1.69118 0.0250082 0 0 0 -0 0.982014
-1.11762 -1.69121 0.0251187 0 0 0 -0 0.982014
-1.11764 -1.6912 0.0253158 0 0 0 -0 0.981983
-1.11767 -1.6912 0.0251208 0 0 0 -0 0.980007
-1.11751 -1.69123 0.0246566 0 0 0 -0 0.980007
-1.11767 -1.6912 0.0251621 0 0 0 -0 0.982003
-1.11758 -1.69121 0.0245045 0 0 0 -0 0.980002
-1.11764 -1.6912 0.0251448 0 0 0 -0 0.980002
-1.11759 -1.69116 0.0254249 0 0 0 -0 0.97999
-1.11768 -1.69119 0.0251614 0 0 0 -0 0.980012
-1.11757 -1.69116 0.0253903 0 0 0 -0 0.980012
-1.11757 -1.69115 0.0253313 0 0 0 -0 0.981987
-1.1176 -1.69116 0.0254814 0 0 0 -0 0.982006
-1.11766 -1.69121 0.0251391 0 0 0 -0 0.980004
-1.11763 -1.69121 0.0250626 0 0 0 -0 0.980004
-1.11767 -1.6912 0.0252196 0 0 0 -0 0.981997
-1.11766 -1.6912 0.0251332 0 0 0 -0 0.982005
-1.11754 -1.69122 0.0245201 0 0 0 -0 0.982005
-1.11766 -1.6912 0.0252066 0 0 0 -0 0.982001
-1.11766 -1.69119 0.0250757 0 0 0 -0 0.981997
-1.11752 -1.69122 0.0246562 0 0 0 -0 0.981997
-1.11767 -1.69119 0.0251792 0 0 0 -0 0.980003
-1.11759 -1.69122 0.0245709 0 0 0 -0 0.982
-1.11762 -1.69119 0.02527 0 0 0 -0 0.982
-1.11766 -1.6912 0.0251577 0 0 0 -0 0.979986
-1.11758 -1.69121 0.0245196 0 0 0 -0 0.982016
-1.11763 -1.69118 0.0251394 0 0 0 -0 0.982016
-1.1175 -1.69118 0.024789 0.999729 -0.0232857 0.999729 -0.0232857 0.979997
-1.11768 -1.69118 0.0250826 0.999725 -0.0234643 0.999725 -0.0234643 0.979997
-1.11765 -1.6912 0.0251247 0.999723 -0.0235324 0.999723 -0.0235324 0.979997
-1.11762 -1.6912 0.0252521 0.999723 -0.0235324 0.999723 -0.0235324 0.979996
-1.11768 -1.69119 0.0252274 0.999723 -0.0235324 0.999723 -0.0235324 0.982006
-1.11766 -1.69119 0.0251536 0.999727 -0.0233548 0.999727 -0.0233548 0.981997
-1.11336 -1.69221 0.0297993 0.999727 -0.0233548 0.999727 -0.0233548 0.981997
-1.09405 -1.69427 0.02655 0.999729 -0.0232714 0.999729 -0.0232714 0.979996
-1.06034 -1.69675 0.0115862 0.999725 -0.0234485 0.999725 -0.0234485 0.980108
-1.01663 -1.70007 0.00722165 0.999685 -0.0251008 0.999685 -0.0251008 0.980108
-0.967339 -1.70348 0.00968702 0.999685 -0.0250902 0.999685 -0.0250902 0.978475
-0.916256 -1.7066 0.0121973 0.999995 -0.00330108 0.999995 -0.00330108 0.979979
-0.865091 -1.70955 0.0187256 0.999997 0.00251449 0.999997 0.00251449 0.979979
-0.813723 -1.71151 0.0240804 0.999996 0.00266547 0.999996 0.00266547 0.983658
-0.762266 -1.71309 0.0326332 0.999995 0.00331858 0.999995 0.00331858 0.997392
-0.711084 -1.71432 0.0389292 0.999995 0.00331858 0.999995 0.00331858 0.997392
-0.659677 -1.71494 0.0426781 0.999982 -0.00595991 0.999982 -0.00595991 1.01651
-0.608372 -1.71544 0.0496231 0.999991 -0.00433048 0.999991 -0.00433048 1.01651
-0.556673 -1.71587 0.0559556 0.999954 -0.00962881 0.999954 -0.00962881 1.03975
-0.505354 -1.71628 0.0618615 0.999867 -0.0162999 0.999867 -0.0162999 1.05676
-0.45406 -1.71615 0.065039 0.999888 -0.0149639 0.999888 -0.0149639 1.09036
-0.402846 -1.71614 0.0678945 0.999564 -0.0295136 0.999564 -0.0295136 1.09036
-0.351639 -1.71591 0.0731029 0.999635 -0.0270137 0.999635 -0.0270137 1.12893
-0.299948 -1.71656 0.077604 0.999554 -0.0298593 0.999554 -0.0298593 1.12893
-0.248872 -1.71695 0.0812919 0.999554 -0.0298593 0.999554 -0.0298593 1.16303
-0.19762 -1.71717 0.0832404 0.99938 -0.0352064 0.99938 -0.0352064 1.18854
-0.146504 -1.71724 0.0869463 0.999435 -0.033614 0.999435 -0.033614 1.18854
-0.0953144 -1.71739 0.0901963 0.999435 -0.033614 0.999435 -0.033614 1.11514
-0.0439908 -1.71715 0.0953942 0.999266 -0.0383141 0.999266 -0.0383141 1.03456
0.00738652 -1.71614 0.0987795 0.999266 -0.0383141 0.999266 -0.0383141 1.03456
0.0591223 -1.71532 0.101207 0.998251 -0.0591226 0.998251 -0.0591226 0.967376
0.110873 -1.71418 0.104513 0.997897 -0.0648147 0.997897 -0.0648147 0.886022
0.162765 -1.7138 0.105969 0.997897 -0.0648147 0.997897 -0.0648147 0.886022
0.214723 -1.71327 0.106399 0.997345 -0.0728242 0.997345 -0.0728242 0.821774
0.266406 -1.71298 0.108804 0.996774 -0.0802594 0.996774 -0.0802594 0.738572
0.318397 -1.713 0.10909 0.995108 -0.098793 0.995108 -0.098793 0.738572
0.370327 -1.71323 0.110641 0.99286 0.119282 0.99286 0.119282 0.667546
0.421627 -1.71166 0.109395 0.992096 0.125483 0.992096 0.125483 0.601719
0.471822 -1.70392 0.112208 0.992096 0.125483 0.992096 0.125483 0.601719
0.522801 -1.69454 0.113072 0.990355 0.138552 0.990355 0.138552 0.529799
0.573343 -1.68521 0.115035 0.987516 0.157517 0.987516 0.157517 0.486403
0.623645 -1.67479 0.114125 0.986107 0.16611 0.986107 0.16611 0.486403
0.674008 -1.66373 0.117339 0.954693 0.297591 0.954693 0.297591 0.442208
0.723937 -1.65069 0.123804 0.958283 0.28582 0.958283 0.28582 0.442208
0.772275 -1.63399 0.135573 0.976919 0.213611 0.976919 0.213611 0.414385
0.82052 -1.6166 0.148711 0.986646 0.162878 0.971188 0.17778 0.398538
0.869576 -1.60129 0.164879 0.986559 0.163406 0.971519 0.17911 0.398538
0.918703 -1.58701 0.183384 0.986559 0.163406 0.971519 0.17911 0.408741
0.967121 -1.57179 0.203233 0.983889 0.178782 0.900858 0.0597069 0.3921
1.01493 -1.55662 0.22131 0.983889 0.178782 0.900858 0.0597069 0.3921
1.06069 -1.54514 0.244634 0.987165 0.159704 0.817401 -0.0278977 0.357427
1.10538 -1.53425 0.264892 0.980483 0.196604 0.720864 -0.0756339 0.326923
1.1462 -1.52714 0.28926 0.980483 0.196604 0.720864 -0.0756339 0.326923
1.18322 -1.5216 0.317011 0.965086 0.261932 0.596495 -0.0795295 0.304206
1.21983 -1.51556 0.342349 0.970624 0.240603 0.540129 -0.113848 0.28691
1.25058 -1.51052 0.368107 0.949618 0.313409 0.509975 -0.0795224 0.28691
1.27865 -1.50646 0.399757 0.955447 0.295164 0.454818 -0.0992702 0.273186
1.30474 -1.50091 0.435389 0.959737 0.2809 0.463346 -0.174592 0.258835
1.32876 -1.49691 0.467911 0.94369 0.33083 0.431138 -0.139492 0.258835
1.35305 -1.49459 0.498936 0.94959 0.313493 0.455834 -0.197731 0.247358
1.37788 -1.49136 0.537061 0.958064 0.286556 0.494565 -0.249061 0.239447
1.40363 -1.48896 0.570362 0.958064 0.286556 0.494565 -0.249061 0.239447
1.43214 -1.48612 0.602415 0.950984 0.30924 0.535619 -0.258158 0.23102
1.46084 -1.48229 0.636443 0.953986 0.29985 0.60897 -0.26572 0.228594
1.49165 -1.47621 0.668816 0.953986 0.29985 0.60897 -0.26572 0.228594
1.52496 -1.46823 0.706451 0.953299 0.302029 0.716816 -0.228562 0.229822
1.55884 -1.45765 0.744223 0.944558 0.328344 0.819749 -0.130232 0.23936
1.59425 -1.44147 0.778937 0.947252 0.32049 0.824248 -0.131457 0.23936
1.6297 -1.41842 0.824364 0.93756 0.347822 0.874296 -0.0069636 0.25254
1.66504 -1.39119 0.860519 0.912797 0.408413 0.388539 0.146644 0.23403
1.69433 -1.36273 0.903287 0.912797 0.408413 0.388539 0.146644 0.23403
1.71144 -1.33951 0.937228 0.8951 0.445865 0.482719 0.255562 0.203517
1.72024 -1.31874 0.973191 0.876994 0.480501 0.876994 0.480501 0.203517
1.72699 -1.29241 1.00538 0.876994 0.480501 0.876994 0.480501 0.199195
1.73657 -1.25763 1.02004 0.868343 0.495964 0.868343 0.495964 0.19856
1.74617 -1.21637 1.0481 0.872803 0.488073 0.872803 0.488073 0.19856
1.75316 -1.16934 1.07836 0.889136 0.457642 0.889136 0.457642 0.227516
1.75712 -1.11828 1.1102 0.885962 0.463758 0.560602 0.646337 0.242428
1.76177 -1.06788 1.13752 0.887304 0.461186 0.57255 0.654428 0.242428
1.76495 -1.01742 1.16557 0.902333 0.43104 0.563223 0.639236 0.240731
1.76438 -0.968434 1.19755 0.942223 0.334985 0.8131 0.500214 0.243986
1.75754 -0.923156 1.21626 0.952466 0.304645 0.804739 0.49368 0.243986
1.75189 -0.876057 1.24281 0.969537 0.244946 0.969537 0.244946 0.275198
1.74903 -0.827435 1.27265 0.975748 0.2189 0.405953 0.242206 0.272905
1.75075 -0.780616 1.29019 0.975748 0.2189 0.405953 0.242206 0.272905
1.74788 -0.746175 1.29349 0.970132 0.242576 0.373721 0.20684 0.26384
1.74352 -0.720051 1.30876 0.999883 0.0153231 0.515626 0.147778 0.247456
1.73996 -0.696648 1.33016 0.999883 0.0153231 0.515626 0.147778 0.247456
1.74126 -0.670983 1.35212 0.994897 -0.100891 0.694683 0.11219 0.250831
1.74364 -0.641215 1.36506 0.994278 -0.106825 0.732357 0.0465483 0.246763
1.74823 -0.606152 1.37709 0.988232 -0.152962 0.732357 0.0465483 0.246763
1.75505 -0.568568 1.38601 0.986765 -0.162158 0.954442 0.00387787 0.260178
1.76337 -0.52857 1.39421 0.984167 -0.177246 0.984167 -0.177246 0.26456
1.77568 -0.482425 1.39995 0.984167 -0.177246 0.984167 -0.177246 0.26456
1.79282 -0.434367 1.40572 0.984958 -0.172794 0.708833 -0.400651 0.24413
1.81174 -0.387812 1.39824 0.978876 -0.204457 0.709298 -0.451633 0.215891
1.83473 -0.347814 1.40442 0.978876 -0.204457 0.709298 -0.451633 0.215891
1.86118 -0.312269 1.42641 0.975168 -0.221467 0.758001 -0.464797 0.219176
1.88901 -0.278232 1.43258 0.976725 -0.214495 0.854062 -0.406887 0.219176
1.91858 -0.242929 1.44273 0.991836 -0.127523 0.825382 -0.388601 0.236091
1.94646 -0.203854 1.46003 0.99652 -0.0833536 0.960802 -0.193013 0.233741
1.97043 -0.162367 1.47835 0.967796 0.251737 0.451814 0.128214 0.233741
1.98722 -0.122788 1.49848 0.989781 0.142599 0.451814 0.128214 0.192523
1.98992 -0.093509 1.53152 0.917798 0.397048 0.795448 0.540082 0.172324
1.9857 -0.0685825 1.55191 0.849067 0.528285 0.764082 0.623694 0.172324
1.97443 -0.0387125 1.57174 0.849067 0.528285 0.764082 0.623694 0.182909
1.95692 -0.00695062 1.59728 0.858517 0.512785 0.758791 0.615962 0.170975
1.93354 0.0272812 1.60702 0.858517 0.512785 0.758791 0.615962 0.170975
1.90896 0.0628079 1.63782 0.848852 0.52863 0.756929 0.627134 0.187948
1.88074 0.100172 1.66631 0.922977 0.384855 0.848536 0.488208 0.220641
1.8522 0.138647 1.68563 0.922977 0.384855 0.848536 0.488208 0.220641
1.82547 0.179691 1.71416 0.972053 0.234763 0.893959 0.36054 0.266278
1.80017 0.222552 1.73731 0.997516 0.0704374 0.935724 0.188947 0.298622
1.77908 0.267435 1.75533 0.99968 0.0252819 0.918914 0.180182 0.298622
1.76293 0.313778 1.77342 0.999972 -0.00754848 0.756294 -0.138303 0.259703
1.7499 0.359321 1.78204 0.993448 -0.114286 0.81971 -0.336258 0.230406
1.74545 0.404722 1.80194 0.994568 -0.104085 0.815453 -0.332927 0.230406
1.74822 0.451895 1.82663 0.988832 -0.149037 0.750185 -0.418987 0.215929
1.75404 0.497763 1.83477 0.999937 -0.0112474 0.709006 -0.389236 0.2186
1.76296 0.54148 1.849 0.999937 -0.0112474 0.709006 -0.389236 0.2186
1.77201 0.583195 1.87256 0.99074 0.135773 0.817537 -0.267761 0.230405
1.7803 0.62539 1.90141 0.986282 0.165068 0.960711 -0.0348157 0.230405
1.78272 0.668488 1.93217 0.959135 0.282947 0.919164 -0.0295005 0.233368
1.77815 0.708724 1.96075 0.948619 0.316421 0.950328 0.204304 0.230313
1.77633 0.734776 1.98685 0.934803 0.355167 0.934803 0.355167 0.230313
1.77645 0.746382 2.01025 0.934803 0.355167 0.934803 0.355167 0.26234
1.77569 0.753165 2.04632 0.904513 0.426446 0.904513 0.426446 0.271013
1.76983 0.771734 2.07643 0.854631 0.519236 0.854631 0.519236 0.271013
1.7566 0.795786 2.10262 0.838934 0.544233 0.838934 0.544233 0.26922
1.73639 0.822562 2.13556 0.843663 0.536874 0.843663 0.536874 0.301887
1.70937 0.850297 2.16711 0.843663 0.536874 0.843663 0.536874 0.301887
1.67654 0.876873 2.20494 0.831178 0.556006 0.831178 0.556006 0.347206
1.63925 0.899834 2.24057 0.835019 0.550221 0.631692 0.476166 0.3281
1.59796 0.920486 2.27562 0.835019 0.550221 0.631692 0.476166 0.3281
1.55539 0.938388 2.31915 0.840448 0.541892 0.681566 0.506637 0.3053
1.51547 0.950969 2.3626 0.858724 0.512439 0.816119 0.543255 0.3053
1.47571 0.960901 2.39923 0.891757 0.452515 0.799009 0.519599 0.295238
1.43353 0.972425 2.43397 0.910068 0.414459 0.846912 0.407507 0.297455
1.38966 0.985255 2.46617 0.925062 0.379817 0.759586 0.168526 0.297455
1.34661 1.00204 2.50307 0.962259 0.272134 0.759586 0.168526 0.297232
1.31032 1.02067 2.53965 0.968578 0.248711 0.770513 0.0138426 0.275832
1.27446 1.04063 2.56757 0.986811 0.161876 0.841631 -0.12056 0.275832
1.24077 1.06477 2.59569 0.986811 0.161876 0.841631 -0.12056 0.263754
1.20722 1.09354 2.61987 0.990094 0.140406 0.848491 -0.158229 0.259313
1.173 1.12337 2.64253 0.990094 0.140406 0.848491 -0.158229 0.259313
1.13888 1.15315 2.66528 0.991687 0.128674 0.927708 -0.0926824 0.263451
1.10311 1.18174 2.69191 0.985434 0.170057 0.978744 0.0842522 0.271937
1.06354 1.20782 2.71413 0.985434 0.170057 0.978744 0.0842522 0.271937
1.01961 1.22928 2.73981 0.965018 0.262183 0.965018 0.262183 0.290354
0.973336 1.24741 2.76593 0.910255 0.414047 0.25693 0.299757 0.25143
0.931265 1.25599 2.78235 0.910255 0.414047 0.25693 0.299757 0.25143
0.905487 1.25426 2.7687 0.8233 0.567606 0.0962107 0.484213 0.211331
0.888023 1.24399 2.78483 0.750203 0.661208 0.00397807 0.575857 0.206
0.873642 1.22721 2.81461 0.756797 0.65365 0.0049165 0.567652 0.206
0.862496 1.20619 2.84028 0.733227 0.679984 0.017231 0.590297 0.1845
0.852409 1.18406 2.86807 0.697004 0.717067 0.0263869 0.684843 0.177673
0.843184 1.16047 2.89444 0.697004 0.717067 0.0263869 0.684843 0.177673
0.833407 1.13438 2.9187 0.7328 0.680444 0.16297 0.745698 0.194325
0.822795 1.10666 2.94582 0.761781 0.647834 0.213295 0.723336 0.219887
0.81075 1.079 2.962 0.809926 0.586532 0.205909 0.669678 0.219887
0.79591 1.05143 2.97556 0.839079 0.54401 0.305282 0.654905 0.246166
0.779477 1.02506 2.98561 0.861511 0.507738 0.38614 0.54858 0.246166
0.759906 1.00084 2.99989 0.926836 0.375466 0.383868 0.540782 0.261008
0.737533 0.980037 3.00616 0.934029 0.357196 0.480148 0.458131 0.247859
0.713271 0.961024 3.00608 0.954584 0.297944 0.480148 0.458131 0.247859
0.687115 0.944541 3.00201 0.949294 0.314389 0.949294 0.314389 0.243486
0.656173 0.930471 2.99245 0.96439 0.264484 0.96439 0.264484 0.246793
0.616924 0.922211 2.97523 0.96439 0.264484 0.96439 0.264484 0.246793
0.571665 0.919184 2.96067 0.971313 0.237804 0.971313 0.237804 0.262545
0.5238 0.918632 2.95422 0.9757 0.219109 0.9757 0.219109 0.297587
0.474886 0.919191 2.94745 0.9757 0.219109 0.9757 0.219109 0.297587
0.424872 0.920716 2.94218 0.979274 0.202539 0.925437 0.275092 0.333738
0.37491 0.922162 2.9363 0.985112 0.171912 0.918854 0.132389 0.333738
0.326718 0.923123 2.93452 0.983414 0.181375 0.918854 0.132389 0.342887
0.279918 0.928378 2.93185 0.985047 0.172288 0.893723 0.000531922 0.325634
0.233542 0.935829 2.92379 0.951783 -0.306771 0.928644 -0.198939 0.325634
0.187851 0.948456 2.92275 0.952902 -0.303278 0.93043 -0.198555 0.314823
0.142743 0.967744 2.91835 0.950098 -0.311951 0.950098 -0.311951 0.30915
0.0990085 0.988932 2.9184 0.954935 -0.296815 0.954935 -0.296815 0.30915
0.0554723 1.0111 2.91815 0.954935 -0.296815 0.954935 -0.296815 0.316661
0.0111926 1.03527 2.91488 0.961534 0.274685 0.956656 0.206648 0.33131
-0.0327078 1.05708 2.92958 0.964726 0.263255 0.964726 0.263255 0.33131
-0.0777753 1.06714 2.94125 0.951301 0.308263 0.951301 0.308263 0.330206
-0.123093 1.07012 2.93674 0.95099 0.309221 0.469985 0.448657 0.240289
-0.165794 1.06798 2.91525 0.95099 0.309221 0.469985 0.448657 0.240289
-0.200051 1.05937 2.89987 0.907233 0.420629 0.360356 0.608509 0.207177
-0.229105 1.0451 2.89648 0.882003 0.471244 0.310977 0.673166 0.43428
-0.256761 1.02603 2.90453 0.8704 0.492345 0.31632 0.688275 0.43428
-0.283909 1.0024 2.91199 0.996114 -0.088071 0.996114 -0.088071 0.133913
-0.309695 0.976788 2.91788 0.752993 0.658028 0.752993 0.658028 0.133997
-0.340185 0.952061 2.9312 0.752993 0.658028 0.752993 0.658028 0.133997
-0.377615 0.929944 2.93294 0.753525 0.657419 0.753525 0.657419 0.184354
-0.41815 0.908885 2.93416 0.892207 0.451626 0.892207 0.451626 0.24653
-0.456776 0.88713 2.91925 0.892207 0.451626 0.892207 0.451626 0.24653
-0.487403 0.864371 2.90488 0.962855 -0.270018 0.962855 -0.270018 0.294205
-0.522364 0.849172 2.89941 0.975365 -0.220599 0.975365 -0.220599 0.348342
-0.558173 0.846601 2.90736 0.991481 -0.13025 0.991481 -0.13025 0.348342
-0.597318 0.854808 2.9323 0.996047 -0.0888261 0.996047 -0.0888261 0.381646
-0.642083 0.86847 2.95281 0.997604 -0.0691802 0.491074 -0.129699 0.381646
-0.690542 0.883418 2.96071 0.997604 -0.0691802 0.491074 -0.129699 0.34475
-0.740271 0.897981 2.97013 0.995645 -0.0932312 0.349811 -0.155434 0.269311
-0.79032 0.912224 2.97813 0.999978 -0.0066968 0.177255 -0.0705167 0.269311
-0.840681 0.925709 2.99114 0.999978 -0.0066968 0.177255 -0.0705167 0.188012
-0.885737 0.938279 2.98698 0.996607 0.0823056 -0.00215703 -0.0199185 0.14684
-0.916893 0.946543 2.98129 0.996607 0.0823056 -0.00215703 -0.0199185 0.14684
-0.931869 0.950658 2.97422 0.913492 0.406857 -0.0642596 -0.0746654 0.147904
-0.932257 0.951889 2.98566 0.971236 0.23812 0.345857 -0.439382 0.145666
-0.930656 0.956012 3.01436 0.971236 0.23812 0.345857 -0.439382 0.145666
-0.936237 0.967662 3.03748 0.99314 0.11693 0.575638 -0.500373 0.144958
-0.948205 0.985338 3.06767 0.993839 0.110829 0.61936 -0.494345 0.142152
-0.969733 1.00555 3.11571 0.998227 0.0595227 0.64549 -0.510515 0.142152
-0.996344 1.02752 -3.12494 0.998982 0.0451089 0.676193 -0.509656 0.142818
-1.02776 1.05025 -3.08981 0.996977 0.0776957 0.736883 -0.463755 0.142818
-1.06218 1.07306 -3.04886 0.997432 0.0716201 0.739623 -0.465071 0.142059
-1.10083 1.09336 -3.01153 0.997644 0.0686058 0.720429 -0.477826 0.448457
-1.14163 1.11187 -2.97125 0.851211 0.524824 0.851211 0.524824 0.132059
-1.18197 1.12536 -2.92767 0.851211 0.524824 0.851211 0.524824 0.132059
-1.2158 1.12573 -2.86842 0.986745 0.162277 0.988707 -0.0942676 0.147591
-1.2481 1.11648 -2.81795 0.967287 0.253684 0.967287 0.253684 0.147591
-1.28872 1.10543 -2.77198 0.958359 0.285567 0.958359 0.285567 0.216007
-1.32923 1.08689 -2.72504 0.89916 0.437621 0.89916 0.437621 0.234811
-1.36899 1.06104 -2.67111 0.89916 0.437621 0.89916 0.437621 0.234811
-1.40489 1.02822 -2.62241 0.892119 0.4518 0.892119 0.4518 0.260043
-1.43826 0.990683 -2.57257 0.875094 0.483953 0.875094 0.483953 0.309741
-1.46976 0.949782 -2.52401 0.878002 0.478658 0.878002 0.478658 0.309741
-1.49775 0.907548 -2.48036 0.849005 0.528385 0.849005 0.528385 0.406775
-1.52277 0.862655 -2.43515 0.830592 0.556882 0.830592 0.556882 0.453983
-1.54451 0.815681 -2.38584 0.830592 0.556882 0.830592 0.556882 0.453983
-1.56253 0.767628 -2.33473 0.844082 0.536214 0.844082 0.536214 0.472182
-1.57743 0.718764 -2.29042 0.844241 0.535964 0.844241 0.535964 0.516601
-1.59065 0.669057 -2.24713 0.844241 0.535964 0.844241 0.535964 0.516601
-1.60165 0.619305 -2.20758 0.873044 0.487641 0.873044 0.487641 0.584772
-1.61063 0.5685 -2.16376 0.86394 0.503594 0.86394 0.503594 0.604106
-1.61745 0.51765 -2.12414 0.892816 0.450421 0.892816 0.450421 0.604106
-1.62175 0.470402 -2.09411 0.888207 0.459444 0.888207 0.459444 0.619601
-1.62123 0.432514 -2.06657 0.919857 0.392254 0.919857 0.392254 0.619601
-1.62533 0.390179 -2.03591 0.933603 0.358309 0.933603 0.358309 0.636641
-1.63255 0.344387 -2.01451 0.930499 0.366293 0.930499 0.366293 0.65518
-1.64082 0.294585 -1.98554 0.952336 0.305052 0.952336 0.305052 0.65518
-1.64809 0.243816 -1.95911 0.952336 0.305052 0.952336 0.305052 0.686516
-1.65543 0.192748 -1.93601 0.962205 0.272325 0.962205 0.272325 0.641374
-1.66248 0.141663 -1.91232 0.962205 0.272325 0.962205 0.272325 0.641374
-1.66965 0.0905963 -1.88769 0.974931 0.222509 0.974931 0.222509 0.589927
-1.67622 0.0388034 -1.86728 0.976062 0.217492 0.976062 0.217492 0.535653
-1.6833 -0.0124486 -1.84716 0.976062 0.217492 0.976062 0.217492 0.535653
-1.68931 -0.064009 -1.82579 0.987898 0.155104 0.881175 0.177719 0.484422
-1.69458 -0.11513 -1.80502 0.988464 0.151455 0.722863 0.180888 0.433735
-1.69885 -0.160992 -1.78721 0.988239 0.152916 0.72302 0.182307 0.433735
-1.7003 -0.200364 -1.76883 0.987805 0.155699 0.577089 0.188894 0.370335
-1.7002 -0.237514 -1.74852 0.980178 0.198119 0.438602 0.196841 0.370335
-1.69783 -0.268657 -1.72848 0.980178 0.198119 0.438602 0.196841 0.308443
-1.69341 -0.293708 -1.70653 0.970152 0.242499 0.312506 0.193872 0.266076
-1.68781 -0.316703 -1.68905 0.963272 0.268528 0.229266 0.157495 0.23388
-1.6816 -0.334112 -1.67018 0.963272 0.268528 0.229266 0.157495 0.23388
-1.67594 -0.346995 -1.65174 0.958707 0.284395 0.174475 0.119887 0.219606
-1.67047 -0.358746 -1.6365 0.991911 0.126933 0.137946 0.0763074 0.219606
-1.66639 -0.368244 -1.61831 0.990849 0.134976 0.137946 0.0763074 0.208795
-1.66434 -0.375676 -1.60016 0.999898 0.0142533 0.10845 0.0465867 0.215656
-1.66213 -0.382779 -1.58316 0.998195 -0.0600628 0.116887 0.0100655 0.215656
-1.66066 -0.388663 -1.56513 0.996146 -0.0877098 0.116887 0.0100655 0.206994
-1.66024 -0.394361 -1.54917 0.992759 -0.120124 0.115871 -0.011016 0.199505
-1.66012 -0.400935 -1.53535 0.980332 -0.197356 0.114019 -0.027905 0.199505
-1.66047 -0.40714 -1.51952 0.980332 -0.197356 0.114019 -0.027905 0.194478
-1.6615 -0.413125 -1.50607 0.969905 -0.243482 0.110272 -0.0351296 0.190563
-1.66261 -0.419438 -1.49329 0.967323 -0.253547 0.103147 -0.0386747 0.190563
-1.66356 -0.425048 -1.48399 0.962246 -0.272181 0.103147 -0.0386747 0.187673
-1.66484 -0.430752 -1.47283 0.956832 -0.290641 0.0994432 -0.0403549 0.18779
-1.66603 -0.436224 -1.46351 0.956942 -0.290278 0.100876 -0.0382257 0.18779
-1.66737 -0.441223 -1.45465 0.951668 -0.30713 0.100876 -0.0382257 0.186706
-1.66814 -0.446573 -1.44587 0.950702 -0.310106 0.0919861 -0.0362585 0.186574
-1.66921 -0.451868 -1.43521 0.949886 -0.312598 0.0984328 -0.034859 0.184567
-1.67012 -0.457202 -1.42678 0.949886 -0.312598 0.0984328 -0.034859 0.184567
-1.67129 -0.462559 -1.41927 0.94382 -0.330458 0.0918992 -0.0339212 0.185755
-1.67165 -0.467638 -1.41241 0.941415 -0.337251 0.113428 -0.0338438 0.186794
-1.67217 -0.473214 -1.40413 0.941415 -0.337251 0.113428 -0.0338438 0.186794
-1.67302 -0.479242 -1.39562 0.941138 -0.338024 0.164006 -0.0367474 0.186562
-1.67391 -0.486032 -1.39096 0.940989 -0.338437 0.255019 -0.0492444 0.186814
-1.67435 -0.496043 -1.38691 0.940989 -0.338437 0.255019 -0.0492444 0.186814
-1.67478 -0.50935 -1.3806 0.941016 -0.338361 0.443109 -0.0593266 0.188104
-1.67515 -0.52559 -1.37921 0.93858 -0.345061 0.93918 -0.0954336 0.19069
-1.67552 -0.551652 -1.38691 0.940253 -0.340476 0.95344 -0.164077 0.19069
-1.67609 -0.589604 -1.39887 0.940253 -0.340476 0.95344 -0.164077 0.199835
-1.67569 -0.634003 -1.40036 0.950634 -0.310315 0.959588 -0.257044 0.21124
-1.67563 -0.682792 -1.39508 0.957586 -0.288147 0.957586 -0.288147 0.21124
-1.68032 -0.733223 -1.3899 0.957586 -0.288147 0.957586 -0.288147 0.238328
-1.68692 -0.784463 -1.3849 0.969867 -0.243636 0.969867 -0.243636 0.282785
-1.69348 -0.835738 -1.37766 0.999585 -0.0287963 0.999585 -0.0287963 0.282785
-1.69679 -0.886651 -1.36385 0.992463 0.122542 0.992463 0.122542 0.333696
-1.69296 -0.93697 -1.34734 0.971654 0.236406 0.971654 0.236406 0.396237
-1.68372 -0.987704 -1.32413 0.927865 0.372916 0.927865 0.372916 0.396237
-1.66591 -1.03481 -1.29422 0.927865 0.372916 0.927865 0.372916 0.469482
-1.6441 -1.07439 -1.2564 0.872721 0.48822 0.872721 0.48822 0.554755
-1.62467 -1.09897 -1.24173 0.861992 0.506922 0.861992 0.506922 0.554755
-1.60647 -1.11366 -1.21318 0.835173 0.549987 0.835173 0.549987 0.625022
-1.58491 -1.13679 -1.19273 0.828109 0.560568 0.828109 0.560568 0.63436
-1.55972 -1.1638 -1.16182 0.812986 0.582283 0.812986 0.582283 0.63436
-1.52916 -1.19186 -1.11725 0.812295 0.583246 0.812295 0.583246 0.647838
-1.49353 -1.21864 -1.07441 0.811282 0.584655 0.811282 0.584655 0.67585
-1.45489 -1.24346 -1.0317 0.811282 0.584655 0.811282 0.584655 0.67585
-1.41423 -1.26716 -0.989107 0.808674 0.588257 0.808674 0.588257 0.69341
-1.37183 -1.28975 -0.950903 0.838854 0.544356 0.838854 0.544356 0.707941
-1.32896 -1.31106 -0.910939 0.838854 0.544356 0.838854 0.544356 0.707941
-1.28517 -1.33206 -0.864237 0.856811 0.51563 0.856811 0.51563 0.714068
-1.23983 -1.35156 -0.824106 0.873115 0.487514 0.873115 0.487514 0.722205
-1.194 -1.37085 -0.7908 0.873115 0.487514 0.873115 0.487514 0.722205
-1.14962 -1.38769 -0.755417 0.894064 0.44794 0.894064 0.44794 0.724822
-1.11366 -1.397 -0.734127 0.893592 0.448879 0.893592 0.448879 0.727907
-1.07468 -1.41126 -0.708966 0.889891 0.456173 0.889891 0.456173 0.727907
-1.03241 -1.42756 -0.683774 0.889057 0.457797 0.889057 0.457797 0.729637
-0.989622 -1.44338 -0.655401 0.901996 0.431745 0.901996 0.431745 0.740932
-0.943621 -1.45791 -0.623801 0.901996 0.431745 0.901996 0.431745 0.740932
-0.896327 -1.47019 -0.589064 0.900401 0.43506 0.900401 0.43506 0.762191
-0.848134 -1.4813 -0.556029 0.915845 0.401531 0.915845 0.401531 0.762191
-0.799349 -1.4915 -0.523196 0.915845 0.401531 0.915845 0.401531 0.781385
-0.750022 -1.50181 -0.492269 0.93016 0.367154 0.93016 0.367154 0.809002
-0.700342 -1.5108 -0.462086 0.928393 0.3716 0.928393 0.3716 0.809002
-0.650809 -1.51829 -0.429138 0.94014 0.340788 0.94014 0.340788 0.836899
-0.601075 -1.5245 -0.399911 0.938266 0.345914 0.938266 0.345914 0.874295
-0.550718 -1.53132 -0.375128 0.938266 0.345914 0.938266 0.345914 0.874295
-0.500421 -1.53727 -0.347969 0.96691 0.25512 0.96691 0.25512 0.909914
-0.450504 -1.54223 -0.320223 0.965786 0.259342 0.965786 0.259342 0.952696
-0.399876 -1.54918 -0.302438 0.975951 0.217988 0.975951 0.217988 0.952696
-0.349251 -1.55603 -0.2843 0.975232 0.221185 0.975232 0.221185 0.995228
-0.298509 -1.56262 -0.268683 0.974341 0.225077 0.974341 0.225077 1.04434
-0.247703 -1.56889 -0.250368 0.974341 0.225077 0.974341 0.225077 1.04434
-0.19742 -1.57421 -0.232043 0.982826 0.184535 0.982826 0.184535 1.09368
-0.147262 -1.57847 -0.214262 0.987458 0.157882 0.987458 0.157882 1.09368
-0.0971666 -1.58255 -0.19577 0.987458 0.157882 0.987458 0.157882 1.07591
-0.0463024 -1.58757 -0.18018 0.991826 0.127596 0.991826 0.127596 1.00843
0.00497167 -1.59194 -0.161787 0.992383 0.12319 0.992383 0.12319 1.00843
0.0566154 -1.59658 -0.145674 0.995594 0.0937641 0.995594 0.0937641 0.937653
0.108103 -1.60068 -0.132556 0.996082 0.0884397 0.996082 0.0884397 0.874235
0.159614 -1.60497 -0.122396 0.996566 0.0828035 0.996566 0.0828035 0.874235
0.21133 -1.60897 -0.112887 0.996566 0.0828035 0.996566 0.0828035 0.80948
0.262676 -1.61262 -0.0983396 0.997032 0.0769828 0.997032 0.0769828 0.752113
0.314171 -1.61587 -0.0858598 0.999903 0.0139266 0.999903 0.0139266 0.752113
0.365788 -1.6191 -0.0760723 0.999903 0.0139266 0.999903 0.0139266 0.691962
0.417303 -1.62392 -0.0685891 0.999986 0.00525909 0.999986 0.00525909 0.640263
0.468922 -1.62855 -0.0621116 0.999986 0.00525909 0.999986 0.00525909 0.640263
0.520368 -1.63294 -0.0547456 0.999569 -0.0293506 0.999569 -0.0293506 0.581768
0.571889 -1.63723 -0.0470014 0.998381 0.0568773 0.997175 0.0575995 0.523953
0.623329 -1.64073 -0.0384755 0.998381 0.0568773 0.997175 0.0575995 0.523953
0.675099 -1.64224 -0.027519 0.978088 0.208194 0.978088 0.208194 0.463743
0.726284 -1.6411 -0.0162821 0.975344 0.220689 0.938356 0.243534 0.414645
0.776603 -1.63451 0.00411078 0.958874 0.283833 0.958874 0.283833 0.414645
0.820098 -1.62548 0.0157792 0.958776 0.284162 0.925239 0.307963 0.385508
0.851446 -1.61615 0.022081 0.938912 0.344158 0.930881 0.350467 0.375763
0.887902 -1.60743 0.0381343 0.938912 0.344158 0.930881 0.350467 0.375763
0.929929 -1.59587 0.0565302 0.945815 0.324706 0.931446 0.337054 0.383499
0.97525 -1.581 0.0785397 0.924256 0.381774 0.908603 0.314084 0.384159
1.0222 -1.56406 0.103934 0.924256 0.381774 0.908603 0.314084 0.384159
1.06935 -1.5455 0.139167 0.922196 0.386723 0.770416 0.134047 0.361847
1.11496 -1.52598 0.170134 0.932034 0.36237 0.674891 0.0435558 0.361847
1.15815 -1.50747 0.193254 0.916611 0.399781 0.647265 0.0658377 0.319446
1.19585 -1.49519 0.226946 0.932702 0.360647 0.58654 -0.0396836 0.279188
1.22841 -1.48595 0.259175 0.950222 0.311573 0.530869 -0.132941 0.279188
1.2581 -1.48202 0.29525 0.950222 0.311573 0.530869 -0.132941 0.253367
1.28085 -1.48121 0.323161 0.960438 0.278496 0.466978 -0.188654 0.238822
1.31438 -1.48003 0.362476 0.931286 0.364288 0.413596 -0.182836 0.238822
1.34078 -1.48058 0.40038 0.931286 0.364288 0.413596 -0.182836 0.234329
1.36428 -1.48091 0.441844 0.934599 0.355703 0.456893 -0.227224 0.229302
1.38811 -1.481 0.481214 0.934599 0.355703 0.456893 -0.227224 0.229302
1.41449 -1.48029 0.522398 0.915219 0.402957 0.505027 -0.223048 0.225889
1.44107 -1.47841 0.557838 0.927466 0.373908 0.57417 -0.237618 0.223808
1.46985 -1.47396 0.595702 0.925751 0.378133 0.665737 -0.208474 0.223808
1.50128 -1.46625 0.632239 0.925751 0.378133 0.665737 -0.208474 0.223675
1.53585 -1.4553 0.67647 0.92181 0.387642 0.746291 -0.159104 0.226398
1.56749 -1.44337 0.714913 0.934264 0.356583 0.76662 -0.16563 0.226398
1.60591 -1.42368 0.766688 0.926955 0.375172 0.858893 -0.0529717 0.237487
1.64157 -1.40189 0.80972 0.900232 0.435411 0.884853 0.0958627 0.252554
1.67512 -1.37332 0.843524 0.877454 0.479661 0.414765 0.19542 0.252554
1.70236 -1.34264 0.891674 0.877454 0.479661 0.414765 0.19542 0.222357
1.71779 -1.31829 0.938974 0.88122 0.472706 0.881328 0.472379 0.199945
1.72582 -1.29305 0.965919 0.88122 0.472706 0.881328 0.472379 0.199945
1.73638 -1.26142 0.986211 0.864286 0.503001 0.864286 0.503001 0.204092
1.74577 -1.22617 1.00947 0.849232 0.52802 0.849232 0.52802 0.221368
1.74873 -1.19625 1.03957 0.864923 0.501904 0.864923 0.501904 0.221368
1.7528 -1.15917 1.0545 0.866927 0.498435 0.866927 0.498435 0.241459
1.75475 -1.11973 1.08524 0.855612 0.517618 0.476424 0.685853 0.239422
1.75006 -1.08892 1.10702 0.860304 0.509782 0.47429 0.681045 0.239422
1.73982 -1.05677 1.14155 0.881718 0.471777 0.651026 0.646124 0.229443
1.72623 -1.02037 1.16728 0.92988 0.367863 0.76965 0.553823 0.246653
1.71377 -0.980397 1.19051 0.92988 0.367863 0.76965 0.553823 0.246653
1.70515 -0.935767 1.21585 0.974375 0.224932 0.790603 0.290915 0.249272
1.69955 -0.889752 1.24335 0.987427 0.158079 0.963338 0.0733271 0.249272
1.70217 -0.844151 1.2736 0.997473 0.0710473 0.963338 0.0733271 0.226334
1.71191 -0.796682 1.29717 0.997158 -0.0753408 0.997158 -0.0753408 0.219109
1.72525 -0.748181 1.31251 0.994435 -0.105352 0.994435 -0.105352 0.219109
1.74335 -0.69929 1.32613 0.985554 -0.169362 0.985554 -0.169362 0.229089
1.76248 -0.650296 1.33612 0.986137 -0.165934 0.986137 -0.165934 0.252762
1.78352 -0.602755 1.34976 0.989981 -0.141203 0.927923 0.0254626 0.252762
1.80263 -0.555725 1.3637 0.989981 -0.141203 0.927923 0.0254626 0.26871
1.81482 -0.508993 1.38077 0.994482 -0.10491 0.994482 -0.10491 0.282593
1.82616 -0.461152 1.39659 0.996047 -0.0888293 0.819654 -0.298801 0.282593
1.84315 -0.413005 1.40751 0.996047 -0.0888293 0.819654 -0.298801 0.268623
1.86353 -0.369383 1.41803 0.994215 -0.10741 0.783077 -0.342674 0.253074
1.88504 -0.329053 1.43731 0.994215 -0.10741 0.783077 -0.342674 0.253074
1.90785 -0.291177 1.44334 0.993471 -0.114086 0.811489 -0.350386 0.257242
1.92989 -0.252163 1.46181 0.994959 -0.100288 0.460004 -0.0345677 0.247637
1.95146 -0.215629 1.48902 0.994959 -0.100288 0.460004 -0.0345677 0.247637
1.96239 -0.188092 1.50324 0.999673 0.0255808 0.445717 0.0680563 0.206987
1.96563 -0.164909 1.52223 0.850539 0.525913 0.850539 0.525913 0.185396
1.96499 -0.142294 1.52993 0.981166 0.193167 0.798933 0.432691 0.185396
1.95753 -0.113933 1.54029 0.927696 0.373336 0.776914 0.548451 0.175668
1.94534 -0.0800372 1.54964 0.891409 0.453201 0.769519 0.589918 0.170099
1.92883 -0.0435334 1.56237 0.891409 0.453201 0.769519 0.589918 0.170099
1.9065 -0.00596875 1.58711 0.869432 0.494052 0.765995 0.609446 0.194355
1.88451 0.0290072 1.6077 0.933977 0.357334 0.837554 0.485865 0.194355
1.8562 0.0727442 1.63435 0.933977 0.357334 0.837554 0.485865 0.233453
1.83167 0.115604 1.65496 0.98392 0.178608 0.874907 0.343889 0.274116
1.80907 0.158829 1.67199 0.996737 0.080712 0.927668 0.203016 0.274116
1.78992 0.204069 1.69223 0.999427 0.033858 0.909645 0.192838 0.295823
1.77646 0.251943 1.71245 0.999969 0.00781441 0.80779 -0.101356 0.26981
1.76575 0.298265 1.72314 0.998286 -0.0585203 0.839961 -0.275851 0.26981
1.76206 0.342632 1.74052 0.998286 -0.0585203 0.839961 -0.275851 0.243757
1.76259 0.386781 1.76045 0.99547 -0.0950783 0.815453 -0.337011 0.234477
1.76837 0.432188 1.77557 0.998306 -0.0581746 0.762467 -0.354664 0.234477
1.77633 0.477679 1.79237 0.998306 -0.0581746 0.762467 -0.354664 0.234876
1.78568 0.521138 1.80933 0.998328 -0.0577958 0.844736 -0.322357 0.247103
1.79401 0.564341 1.82468 0.999331 -0.0365661 0.476502 -0.00700906 0.247103
1.79907 0.606749 1.85418 0.963965 0.266031 0.476502 -0.00700906 0.225784
1.79748 0.637341 1.87719 0.966774 0.255633 0.956118 0.0898594 0.203088
1.79194 0.665286 1.89973 0.93014 0.367204 0.912494 0.0926635 0.203088
1.78198 0.703299 1.92208 0.912625 0.408798 0.912625 0.408798 0.215752
1.76621 0.74439 1.96678 0.891314 0.453386 0.891314 0.453386 0.230124
1.74234 0.779533 2.02094 0.878476 0.477786 0.878476 0.477786 0.230124
1.7123 0.810986 2.0686 0.848805 0.528707 0.848805 0.528707 0.287978
1.67777 0.840961 2.10849 0.811497 0.584357 0.811497 0.584357 0.327844
1.64348 0.866093 2.14364 0.811497 0.584357 0.811497 0.584357 0.327844
1.59796 0.892034 2.18728 0.831258 0.555887 0.837001 0.432363 0.336094
1.55516 0.914179 2.23393 0.831893 0.554936 0.69816 0.386299 0.327089
1.51469 0.937423 2.27684 0.831893 0.554936 0.69816 0.386299 0.327089
1.47682 0.957419 2.31871 0.864554 0.50254 0.700576 0.315578 0.319348
1.44001 0.975267 2.35983 0.878773 0.477239 0.745208 0.226092 0.311251
1.40527 0.993435 2.3967 0.908146 0.418653 0.745208 0.226092 0.311251
1.37108 1.01398 2.43592 0.919485 0.393125 0.77657 0.144416 0.301004
1.33627 1.03496 2.47169 0.949472 0.313853 0.852026 0.0478981 0.301004
1.30156 1.05876 2.50113 0.949472 0.313853 0.852026 0.0478981 0.296257
1.26637 1.08515 2.53635 0.951051 0.309034 0.820777 0.00261554 0.28949
1.23053 1.1117 2.56827 0.967149 0.25421 0.854151 -0.0115735 0.28949
1.195 1.13748 2.60113 0.968049 0.25076 0.87604 -0.0180298 0.289704
1.1621 1.16115 2.62776 0.962372 0.271737 0.923551 0.0611214 0.28812
1.12005 1.18879 2.66026 0.962372 0.271737 0.923551 0.0611214 0.28812
1.07845 1.212 2.69111 0.95544 0.295184 0.953529 0.192227 0.293505
1.03486 1.23222 2.71948 0.932339 0.361586 0.932339 0.361586 0.307898
0.989841 1.24659 2.74952 0.935227 0.354049 0.935227 0.354049 0.307898
0.943506 1.25467 2.78254 0.886456 0.462813 0.263175 0.34762 0.270563
0.899676 1.25871 2.80604 0.824467 0.56591 0.132312 0.515845 0.223395
0.879098 1.25553 2.80305 0.835196 0.549952 0.133516 0.499197 0.223395
0.853161 1.23703 2.81472 0.764875 0.644179 0.0348166 0.560123 0.204261
0.836937 1.21911 2.84463 0.734543 0.678562 0.0300372 0.566435 0.189297
0.825148 1.19814 2.8664 0.734543 0.678562 0.0300372 0.566435 0.189297
0.814707 1.17563 2.88623 0.709507 0.704699 0.0335681 0.672373 0.173696
0.810049 1.16394 2.90056 0.709507 0.704699 0.0335681 0.672373 0.173696
0.796564 1.1262 2.93293 0.702078 0.7121 0.165739 0.78032 0.188467
0.783329 1.09746 2.95474 0.793483 0.608593 0.224755 0.707282 0.212072
0.768682 1.06765 2.97513 0.823187 0.567771 0.293895 0.67763 0.235745
0.752527 1.03922 2.98705 0.86759 0.49728 0.281703 0.618886 0.235745
0.733869 1.013 2.9973 0.886923 0.461917 0.372324 0.602225 0.26861
0.713883 0.988027 3.00448 0.943328 0.331863 0.458815 0.507056 0.26861
0.691555 0.965676 3.00981 0.943328 0.331863 0.458815 0.507056 0.272797
0.666071 0.947112 3.00904 0.944928 0.327278 0.617253 0.517152 0.264321
0.638623 0.929884 3.00909 0.969016 0.246999 0.969016 0.246999 0.264321
0.605402 0.915593 3.0058 0.969016 0.246999 0.969016 0.246999 0.266144
0.564532 0.907406 3.00459 0.97831 0.207147 0.97831 0.207147 0.274261
0.518102 0.903724 2.99513 0.97831 0.207147 0.97831 0.207147 0.274261
0.469092 0.901924 2.98561 0.985584 0.169186 0.985584 0.169186 0.303813
0.418531 0.902263 2.97848 0.9907 0.136061 0.9907 0.136061 0.34084
0.36801 0.90507 2.97099 0.989716 0.143049 0.989716 0.143049 0.34084
0.317284 0.909826 2.96314 0.991975 -0.126432 0.882575 -0.0427767 0.323978
0.267956 0.915809 2.9529 0.926428 -0.376473 0.901425 -0.233077 0.306922
0.222261 0.927563 2.94719 0.936052 -0.351861 0.91493 -0.230722 0.306922
0.178631 0.946596 2.94306 0.930423 -0.366487 0.930423 -0.366487 0.299109
0.135644 0.968881 2.93332 0.936421 -0.35088 0.936421 -0.35088 0.306052
0.0934019 0.995207 2.93071 0.936421 -0.35088 0.936421 -0.35088 0.306052
0.0506705 1.02269 2.92928 0.9394 -0.342823 0.9394 -0.342823 0.319308
0.00776034 1.05027 2.92991 0.965039 0.262107 0.965039 0.262107 0.345786
-0.034377 1.07384 2.93532 0.965039 0.262107 0.965039 0.262107 0.345786
-0.0764487 1.08533 2.95012 0.962662 0.270707 0.489491 0.391718 0.284205
-0.117415 1.08709 2.95568 0.946884 0.321576 0.366459 0.484905 0.284205
-0.149258 1.08087 2.95039 0.929103 0.369821 0.377734 0.524974 0.220197
-0.175141 1.06669 2.94062 0.893458 0.449147 0.293608 0.640943 0.196908
-0.199125 1.04803 2.93957 0.872022 0.489466 0.202913 0.662346 0.196908
-0.221784 1.02477 2.94829 0.872022 0.489466 0.202913 0.662346 0.438066
-0.242323 0.998495 2.95643 0.993747 -0.111655 0.993747 -0.111655 0.4097
-0.263875 0.973703 2.96849 0.986456 -0.164027 0.986456 -0.164027 0.4097
-0.29195 0.958884 2.99544 0.986456 -0.164027 0.986456 -0.164027 0.168428
-0.32736 0.954225 3.01846 0.882347 0.470599 0.882347 0.470599 0.237778
-0.36802 0.954568 3.00972 0.882347 0.470599 0.882347 0.470599 0.237778
-0.411053 0.94654 3.01463 0.961839 0.273615 0.961839 0.273615 0.281446
-0.457088 0.936774 3.01123 0.943045 -0.332665 0.943045 -0.332665 0.312101
-0.506973 0.934496 3.00182 0.943045 -0.332665 0.943045 -0.332665 0.312101
-0.554892 0.944773 3.00326 0.967285 -0.253691 0.967285 -0.253691 0.325914
-0.596042 0.961325 3.00398 0.970149 -0.24251 0.970149 -0.24251 0.370721
-0.626243 0.976555 2.99988 0.995461 -0.0951733 0.995461 -0.0951733 0.370721
-0.662528 0.992936 3.01211 0.99782 -0.0659901 0.496323 -0.1232 0.364192
-0.701087 1.00634 3.01838 0.997524 -0.0703292 0.38562 -0.134031 0.28621
-0.724588 1.01518 3.01408 0.997524 -0.0703292 0.38562 -0.134031 0.28621
-0.735798 1.02047 3.0072 0.990956 -0.134185 0.238868 -0.234929 0.265806
-0.751497 1.0291 3.02144 0.984161 0.177279 0.161755 0.00739483 0.242935
-0.770144 1.03828 3.03099 0.984161 0.177279 0.161755 0.00739483 0.242935
-0.790111 1.04752 3.03873 0.985994 0.166782 0.108977 0.0223667 0.202644
-0.80961 1.05659 3.04875 0.997246 0.0741678 0.0595027 -0.135675 0.202644
-0.829235 1.06536 3.06104 0.928623 0.371025 0.000459318 0.0907179 0.18277
-0.848924 1.07393 3.07001 0.950206 0.311622 -0.0158688 0.000976666 0.153972
-0.868436 1.08203 3.07774 0.975261 0.221055 -0.0710393 -0.0282765 0.153972
-0.887374 1.09052 3.08836 0.936503 0.350661 -0.0741474 -0.0152336 0.144087
-0.906461 1.09813 3.10054 0.975203 0.221314 -0.0670088 -0.107955 0.143639
-0.925549 1.10657 3.10649 0.975203 0.221314 -0.0670088 -0.107955 0.143639
-0.945684 1.11441 3.12021 0.999868 0.0162551 0.307625 -0.539028 0.144242
-0.965995 1.12131 3.13221 0.989691 0.143217 0.429151 -0.500816 0.142993
-0.986125 1.12832 -3.14157 0.99386 0.110644 0.731463 -0.450711 0.142993
-1.00832 1.13812 -3.13219 0.992386 0.123167 0.725449 -0.4479 0.146248
-1.03782 1.15195 -3.09381 0.981415 0.191897 0.678561 -0.431595 0.150703
-1.0725 1.16976 -3.04576 0.979949 0.199249 0.801338 -0.348106 0.150703
-1.11112 1.1871 -3.00777 0.966405 0.257023 0.772059 -0.338552 0.377457
-1.15359 1.20115 -2.96313 0.748467 0.663172 0.748467 0.663172 0.125679
-1.19709 1.21196 -2.91647 0.713292 0.700867 0.713292 0.700867 0.125679
-1.23872 1.21696 -2.86419 0.97459 0.223996 0.97459 0.223996 0.179706
-1.27555 1.20959 -2.79739 0.898393 0.439192 0.898393 0.439192 0.202395
-1.30731 1.18926 -2.74768 0.881731 0.471752 0.881731 0.471752 0.202395
-1.33389 1.16057 -2.69746 0.881731 0.471752 0.881731 0.471752 0.231285
-1.36447 1.12713 -2.65187 0.881116 0.4729 0.881116 0.4729 0.279963
-1.3963 1.09103 -2.60402 0.881116 0.4729 0.881116 0.4729 0.279963
-1.42687 1.052 -2.56246 0.87551 0.483201 0.87551 0.483201 0.356321
-1.45625 1.01014 -2.51269 0.842262 0.539069 0.842262 0.539069 0.377838
-1.48379 0.966497 -2.46131 0.855756 0.517379 0.855756 0.517379 0.377838
-1.50884 0.921971 -2.41362 0.857067 0.515204 0.857067 0.515204 0.415693
-1.53098 0.876023 -2.36455 0.845377 0.534169 0.845377 0.534169 0.471889
-1.54998 0.828584 -2.32371 0.870237 0.492634 0.870237 0.492634 0.471889
-1.5662 0.779988 -2.28207 0.856593 0.515993 0.856593 0.515993 0.530416
-1.58035 0.731244 -2.24999 0.87227 0.489024 0.87227 0.489024 0.561975
-1.59361 0.681343 -2.2068 0.87227 0.489024 0.87227 0.489024 0.561975
-1.60446 0.630653 -2.16536 0.89501 0.446046 0.89501 0.446046 0.597276
-1.61371 0.580039 -2.12957 0.889497 0.456941 0.889497 0.456941 0.609564
-1.62243 0.529468 -2.09269 0.889497 0.456941 0.889497 0.456941 0.609564
-1.63015 0.478494 -2.0589 0.896481 0.443082 0.896481 0.443082 0.620915
-1.63572 0.42801 -2.02523 0.892029 0.451979 0.892029 0.451979 0.620915
-1.64015 0.376325 -1.99069 0.944095 0.329673 0.944095 0.329673 0.643432
-1.64337 0.32521 -1.96232 0.941033 0.338315 0.941033 0.338315 0.670612
-1.64915 0.273549 -1.9337 0.959621 0.281297 0.959621 0.281297 0.670612
-1.655 0.222045 -1.91014 0.959621 0.281297 0.959621 0.281297 0.690139
-1.66124 0.170655 -1.88653 0.958265 0.285883 0.958265 0.285883 0.632179
-1.66658 0.119071 -1.86277 0.960014 0.27995 0.960014 0.27995 0.632179
-1.67048 0.0682056 -1.8372 0.960014 0.27995 0.960014 0.27995 0.57895
-1.67367 0.0165997 -1.81394 0.98861 0.150499 0.98861 0.150499 0.521464
-1.67641 -0.0344284 -1.79412 0.989904 0.141742 0.835045 0.166516 0.521464
-1.68134 -0.084089 -1.78087 0.995459 0.095187 0.827922 0.121989 0.465855
-1.68513 -0.129213 -1.76855 0.996089 0.0883502 0.685123 0.13471 0.415344
-1.68905 -0.171448 -1.75423 0.997165 0.0752424 0.683579 0.124352 0.415344
-1.69106 -0.207813 -1.74025 0.992034 0.125972 0.54989 0.169789 0.364677
-1.69186 -0.242334 -1.72425 0.990749 0.135708 0.428159 0.161 0.311966
-1.68964 -0.271681 -1.7047 0.990749 0.135708 0.428159 0.161 0.311966
-1.68589 -0.294432 -1.68753 0.9816 0.190947 0.318994 0.156074 0.271616
-1.68155 -0.316384 -1.67088 0.978053 0.208358 0.24218 0.127581 0.238784
-1.6772 -0.333364 -1.65394 0.978053 0.208358 0.24218 0.127581 0.238784
-1.67295 -0.345592 -1.63588 0.974184 0.225757 0.184382 0.0980121 0.227734
-1.66872 -0.357042 -1.61722 0.997259 0.0739925 0.150851 0.0602374 0.21945
-1.6651 -0.367426 -1.60033 0.997259 0.0739925 0.150851 0.0602374 0.21945
-1.6631 -0.375054 -1.57995 0.999686 -0.0250382 0.128622 0.0329865 0.216132
-1.66171 -0.382369 -1.56386 0.997513 -0.0704763 0.123297 0.0061092 0.207094
-1.66018 -0.388746 -1.55016 0.991247 -0.132021 0.123297 0.0061092 0.207094
-1.66016 -0.394927 -1.53466 0.985579 -0.169216 0.117588 -0.0148027 0.199677
-1.66038 -0.401233 -1.52061 0.976029 -0.217641 0.116493 -0.0286916 0.195507
-1.66104 -0.407495 -1.50852 0.976029 -0.217641 0.116493 -0.0286916 0.195507
-1.66199 -0.413766 -1.49801 0.973514 -0.228629 0.114926 -0.0363127 0.191484
-1.66286 -0.419774 -1.48631 0.960378 -0.2787 0.107058 -0.0402552 0.188759
-1.66384 -0.425969 -1.47467 0.960378 -0.2787 0.107058 -0.0402552 0.188759
-1.66498 -0.431549 -1.46676 0.955401 -0.295311 0.0982248 -0.0384387 0.187688
-1.66615 -0.436802 -1.46186 0.954609 -0.297862 0.0950895 -0.0382821 0.185706
-1.66729 -0.441616 -1.45215 0.948873 -0.315659 0.0950895 -0.0382821 0.185706
-1.66842 -0.445876 -1.44593 0.947258 -0.320472 0.088788 -0.0379039 0.187739
-1.66984 -0.451191 -1.43693 0.94905 -0.315127 0.105099 -0.0326305 0.186622
-1.67073 -0.456232 -1.43157 0.948432 -0.316981 0.105099 -0.0326305 0.186622
-1.67162 -0.461697 -1.42409 0.947546 -0.319618 0.10296 -0.0335089 0.187522
-1.67242 -0.467269 -1.416 0.944337 -0.32898 0.112851 -0.0304314 0.187653
-1.67329 -0.472996 -1.40852 0.944337 -0.32898 0.112851 -0.0304314 0.187653
-1.67367 -0.478914 -1.40147 0.943377 -0.331723 0.1541 -0.0338305 0.186559
-1.67426 -0.485847 -1.39508 0.942455 -0.334333 0.194663 -0.0390855 0.188006
-1.67474 -0.49439 -1.38819 0.943719 -0.330747 0.280364 -0.0378785 0.188006
-1.67503 -0.506084 -1.38348 0.943719 -0.330747 0.280364 -0.0378785 0.187985
-1.67503 -0.520499 -1.37459 0.943781 -0.330571 0.358143 -0.0328872 0.190457
-1.67443 -0.536261 -1.36755 0.940469 -0.339878 0.950627 -0.1371 0.195948
-1.67258 -0.559686 -1.36662 0.940469 -0.339878 0.950627 -0.1371 0.195948
-1.66992 -0.595303 -1.36824 0.944774 -0.327722 0.959328 -0.23039 0.205807
-1.66911 -0.639711 -1.36865 0.951335 -0.308157 0.951335 -0.308157 0.227275
-1.67174 -0.689003 -1.36539 0.957295 -0.289114 0.957295 -0.289114 0.227275
-1.67741 -0.739676 -1.36231 0.967842 -0.25156 0.967842 -0.25156 0.246871
-1.68355 -0.791184 -1.35686 0.974949 -0.222429 0.974949 -0.222429 0.298849
-1.68756 -0.842166 -1.35035 0.994437 -0.105335 0.994437 -0.105335 0.298849
-1.68926 -0.893114 -1.34061 0.998939 -0.0460522 0.998939 -0.0460522 0.352269
-1.68608 -0.944309 -1.32538 0.976342 0.216233 0.976342 0.216233 0.420076
-1.67679 -0.993786 -1.29625 0.976342 0.216233 0.976342 0.216233 0.420076
-1.65991 -1.04004 -1.26156 0.913501 0.406836 0.913501 0.406836 0.495515
-1.63841 -1.08364 -1.22942 0.902836 0.429985 0.902836 0.429985 0.576197
-1.61159 -1.12361 -1.19079 0.902836 0.429985 0.902836 0.429985 0.576197
-1.58107 -1.16119 -1.15329 0.894268 0.447532 0.894268 0.447532 0.638718
-1.54753 -1.19788 -1.11509 0.889022 0.457865 0.889022 0.457865 0.677146
-1.51203 -1.2333 -1.08098 0.823351 0.567532 0.823351 0.567532 0.677146
-1.47435 -1.26658 -1.04693 0.82009 0.572235 0.82009 0.572235 0.706384
-1.43517 -1.29733 -1.00615 0.815798 0.578338 0.815798 0.578338 0.737692
-1.39321 -1.3222 -0.960022 0.815798 0.578338 0.815798 0.578338 0.737692
-1.34982 -1.34436 -0.917184 0.812511 0.582946 0.812511 0.582946 0.751324
-1.30553 -1.36445 -0.878677 0.822402 0.568906 0.822402 0.568906 0.758443
-1.26052 -1.38302 -0.842794 0.822402 0.568906 0.822402 0.568906 0.758443
-1.21472 -1.40039 -0.801993 0.821547 0.570141 0.821547 0.570141 0.759242
-1.16743 -1.41608 -0.759453 0.821056 0.570847 0.821056 0.570847 0.761059
-1.11924 -1.43002 -0.718948 0.871962 0.489574 0.871962 0.489574 0.761059
-1.07102 -1.44253 -0.683188 0.871314 0.490726 0.871314 0.490726 0.760571
-1.02332 -1.45547 -0.646972 0.871325 0.490706 0.871325 0.490706 0.763265
-0.975368 -1.46752 -0.610538 0.895142 0.445781 0.895142 0.445781 0.763265
-0.92696 -1.47836 -0.575204 0.894483 0.447102 0.894483 0.447102 0.77547
-0.878328 -1.48874 -0.541395 0.916655 0.399679 0.916655 0.399679 0.77547
-0.829264 -1.49817 -0.510033 0.916655 0.399679 0.916655 0.399679 0.785848
-0.779997 -1.50752 -0.481432 0.936292 0.351221 0.936292 0.351221 0.806359
-0.730343 -1.51668 -0.452855 0.936292 0.351221 0.936292 0.351221 0.806359
-0.680584 -1.5257 -0.426153 0.943366 0.331754 0.943366 0.331754 0.840435
-0.630378 -1.53417 -0.401712 0.941345 0.337446 0.941345 0.337446 0.875009
-0.580549 -1.54128 -0.375686 0.941345 0.337446 0.941345 0.337446 0.875009
-0.530505 -1.54775 -0.349273 0.964373 0.264545 0.964373 0.264545 0.903682
-0.480554 -1.5531 -0.327826 0.96332 0.268355 0.96332 0.268355 0.948676
-0.430539 -1.5597 -0.308128 0.97369 0.227876 0.97369 0.227876 0.948676
-0.38038 -1.56644 -0.287985 0.972864 0.231378 0.972864 0.231378 0.986714
-0.329843 -1.57327 -0.26916 0.972065 0.234712 0.972065 0.234712 1.03374
-0.279586 -1.57899 -0.251691 0.972065 0.234712 0.972065 0.234712 1.03374
-0.228841 -1.58449 -0.235339 0.971115 0.238612 0.971115 0.238612 1.08673
-0.178422 -1.58855 -0.218124 0.986055 0.166418 0.986055 0.166418 1.10857
-0.128095 -1.59238 -0.2016 0.986055 0.166418 0.986055 0.166418 1.10857
-0.0775875 -1.59748 -0.18732 0.989551 0.144181 0.989551 0.144181 1.03619
-0.0318327 -1.60051 -0.178526 0.990086 0.140464 0.990086 0.140464 1.03619
0.00196071 -1.60129 -0.173234 0.990086 0.140464 0.990086 0.140464 0.974146
0.0414989 -1.60442 -0.164044 0.990583 0.136911 0.990583 0.136911 0.92773
0.0881415 -1.60847 -0.15313 0.990922 0.134437 0.990922 0.134437 0.92773
0.138444 -1.61234 -0.144178 0.996635 0.0819689 0.996635 0.0819689 0.875479
0.18995 -1.61607 -0.130697 0.997086 0.0762893 0.997086 0.0762893 0.812748
0.241597 -1.62094 -0.121924 0.997294 0.0735155 0.997294 0.0735155 0.812748
0.293227 -1.62549 -0.111172 0.997737 0.0672357 0.997737 0.0672357 0.756371
0.34515 -1.62962 -0.0997086 0.999352 0.0359853 0.999352 0.0359853 0.695756
0.396879 -1.63364 -0.0903077 0.999352 0.0359853 0.999352 0.0359853 0.695756
0.448368 -1.63835 -0.0825839 0.999869 0.0162166 0.999869 0.0162166 0.636057
0.500267 -1.64328 -0.0733113 0.999985 0.00553152 0.999985 0.00553152 0.569548
0.552086 -1.64816 -0.0657663 0.999985 0.00553152 0.999985 0.00553152 0.569548
0.603563 -1.65302 -0.055899 0.992217 0.124518 0.987201 0.12735 0.501089
0.65498 -1.65612 -0.0457565 0.963304 0.268414 0.963304 0.268414 0.447261
0.705901 -1.65525 -0.036287 0.966829 0.255425 0.962457 0.257983 0.447261
0.756903 -1.6518 -0.0185072 0.963721 0.266912 0.912961 0.29722 0.39194
0.807807 -1.64383 0.0037448 0.956426 0.291975 0.873801 0.348409 0.368222
0.857561 -1.63291 0.028926 0.956426 0.291975 0.873801 0.348409 0.368222
0.903564 -1.61785 0.0471018 0.961247 0.275687 0.86445 0.349027 0.361984
0.948453 -1.60103 0.0675322 0.915411 0.40252 0.915411 0.40252 0.361984
0.993084 -1.58301 0.0897186 0.915411 0.40252 0.915411 0.40252 0.364343
1.03883 -1.56286 0.121048 0.91979 0.392411 0.91979 0.392411 0.376871
1.08497 -1.54027 0.155283 0.927608 0.373554 0.720949 0.0897944 0.376871
1.12901 -1.51929 0.179237 0.923889 0.382662 0.714184 0.0947208 0.338646
1.16483 -1.50733 0.208349 0.938329 0.345744 0.631371 -0.00516283 0.294133
1.20475 -1.49586 0.242122 0.955224 0.295882 0.56303 -0.109266 0.294133
1.23689 -1.49042 0.27382 0.924001 0.382389 0.505126 -0.0536399 0.266134
1.26606 -1.48786 0.310693 0.937193 0.348813 0.427899 -0.0943223 0.254628
1.29175 -1.48416 0.348723 0.935467 0.353413 0.427706 -0.150762 0.254628
1.3145 -1.48229 0.387128 0.935467 0.353413 0.427706 -0.150762 0.238648
1.33755 -1.48153 0.425957 0.931072 0.364835 0.42586 -0.199611 0.234051
1.36114 -1.48001 0.463252 0.931072 0.364835 0.42586 -0.199611 0.234051
1.38609 -1.47943 0.503755 0.941559 0.336849 0.476299 -0.240946 0.227625
1.41105 -1.47847 0.539156 0.935513 0.353291 0.521286 -0.252972 0.222069
1.43916 -1.47674 0.57932 0.935513 0.353291 0.521286 -0.252972 0.222069
1.46856 -1.47343 0.616419 0.944 0.329946 0.604798 -0.263575 0.220175
1.49937 -1.468 0.654184 0.942214 0.335012 0.689415 -0.233004 0.222482
1.53262 -1.45976 0.692707 0.948387 0.317114 0.701217 -0.238256 0.222482
1.56802 -1.44662 0.727541 0.942233 0.334958 0.812362 -0.147871 0.229739
1.60399 -1.43142 0.779454 0.929063 0.369922 0.872618 -0.0337699 0.244048
1.63986 -1.40881 0.821858 0.929063 0.369922 0.872618 -0.0337699 0.244048
1.67448 -1.38014 0.853754 0.902967 0.42971 0.893244 0.121455 0.247964
1.7059 -1.34707 0.895173 0.893599 0.448866 0.446253 0.231765 0.207939
1.72967 -1.31284 0.936918 0.893599 0.448866 0.446253 0.231765 0.207939
1.74325 -1.28595 0.97088 0.879955 0.475057 0.879955 0.475057 0.194645
1.7517 -1.2587 0.997665 0.842526 0.538656 0.842526 0.538656 0.216792
1.75996 -1.22112 1.02791 0.857296 0.514825 0.857296 0.514825 0.216792
1.76697 -1.17599 1.05086 0.834176 0.551498 0.476965 0.715345 0.226361
1.77089 -1.12974 1.08915 0.823958 0.56665 0.392828 0.699527 0.226674
1.76635 -1.08636 1.12825 0.843457 0.537197 0.386229 0.678117 0.226674
1.75525 -1.04809 1.16239 0.860175 0.509999 0.543851 0.696712 0.222882
1.73972 -1.01186 1.20469 0.923423 0.383784 0.782852 0.554646 0.239755
1.72148 -0.975349 1.24028 0.923423 0.383784 0.782852 0.554646 0.239755
1.7082 -0.932809 1.26533 0.977957 0.208805 0.92795 0.316331 0.252163
1.69953 -0.886793 1.29572 0.999453 0.0330675 0.99796 0.0260929 0.230524
1.69963 -0.83749 1.32591 0.999453 0.0330675 0.99796 0.0260929 0.230524
1.70842 -0.787812 1.34229 0.991707 -0.128517 0.991707 -0.128517 0.213872
1.72205 -0.738124 1.35436 0.983361 -0.181662 0.983361 -0.181662 0.213872
1.7408 -0.689149 1.36992 0.96845 -0.249209 0.96845 -0.249209 0.224107
1.76183 -0.641705 1.37378 0.971939 -0.235232 0.971939 -0.235232 0.249866
1.7842 -0.595177 1.3798 0.981182 -0.193083 0.96028 -0.0695415 0.249866
1.80685 -0.54859 1.39016 0.981182 -0.193083 0.96028 -0.0695415 0.278353
1.82662 -0.501433 1.40889 0.987292 -0.158916 0.987292 -0.158916 0.286957
1.8426 -0.454072 1.41985 0.992557 -0.121783 0.992557 -0.121783 0.286957
1.86022 -0.405211 1.42287 0.993879 -0.110471 0.81939 -0.310336 0.276852
1.87763 -0.357375 1.42812 0.994588 -0.103897 0.522111 -0.0786673 0.264108
1.89544 -0.317885 1.45067 0.994588 -0.103897 0.522111 -0.0786673 0.264108
1.90454 -0.288584 1.45924 0.996835 -0.0794989 0.467796 -0.0586179 0.263682
1.91217 -0.263532 1.4697 0.998133 -0.0610797 0.432422 0.00889717 0.2468
1.91832 -0.240044 1.49473 0.999997 -0.002281 0.432422 0.00889717 0.2468
1.92085 -0.218585 1.49634 0.999727 0.0233654 0.422939 0.0474645 0.21381
1.92307 -0.196422 1.5179 0.99527 0.0971481 0.364879 0.103184 0.204298
1.92233 -0.174595 1.53913 0.995323 0.0966017 0.364879 0.103184 0.204298
1.91928 -0.15445 1.56056 0.987282 0.15898 0.763678 0.439148 0.203983
1.91458 -0.134457 1.57218 0.979222 0.202792 0.426497 0.162554 0.204776
1.90728 -0.108123 1.59121 0.979222 0.202792 0.426497 0.162554 0.204776
1.90241 -0.0868212 1.60565 0.962095 0.272716 0.487699 0.193864 0.209683
1.89581 -0.0646802 1.62814 0.960513 0.278236 0.641811 0.277546 0.209683
1.88526 -0.0381682 1.64572 0.960513 0.278236 0.641811 0.277546 0.230493
1.8741 -0.00836162 1.65278 0.987024 0.160571 0.88311 0.327577 0.239567
1.86152 0.0255226 1.66136 0.99623 0.0867501 0.885927 0.275535 0.249069
1.84899 0.0658293 1.67098 0.994092 0.108544 0.893826 0.28015 0.249069
1.83488 0.109469 1.67767 0.999982 0.00597576 0.919364 0.1783 0.265473
1.82012 0.155069 1.69052 0.998618 -0.0525493 0.971068 0.0337138 0.265473
1.81008 0.202746 1.70853 0.998618 -0.0525493 0.971068 0.0337138 0.304792
1.80305 0.252999 1.72715 0.999608 -0.0279836 0.768631 -0.0604016 0.287074
1.79755 0.301354 1.73363 0.999165 -0.0408535 0.877028 -0.222358 0.287074
1.79615 0.343869 1.74642 0.999165 -0.0408535 0.877028 -0.222358 0.272607
1.79926 0.389899 1.76143 0.998762 -0.0497375 0.834429 -0.272479 0.267721
1.80339 0.43682 1.77563 0.998673 -0.0515042 0.478188 -0.0280836 0.267721
1.80691 0.479437 1.79277 0.998673 -0.0515042 0.478188 -0.0280836 0.272349
1.80602 0.509159 1.80993 0.999139 -0.0414981 0.403638 0.0275458 0.230782
1.80222 0.532625 1.82616 0.995815 -0.0913903 0.420052 0.075387 0.230782
1.79614 0.552281 1.84025 0.958309 0.285733 0.420052 0.075387 0.204036
1.7886 0.571955 1.86435 0.968463 0.249159 0.968463 0.249159 0.189849
1.77998 0.597616 1.89658 0.960221 0.279241 0.960221 0.279241 0.189849
1.76709 0.632787 1.91308 0.965604 0.260016 0.965604 0.260016 0.185749
1.74905 0.672049 1.94797 0.966497 0.256679 0.966497 0.256679 0.206072
1.72654 0.714014 1.98356 0.966497 0.256679 0.966497 0.256679 0.206072
1.70015 0.75612 2.01711 0.952406 0.304831 0.952406 0.304831 0.257094
1.67045 0.797447 2.05235 0.905237 0.424908 0.913989 0.333742 0.274232
1.63834 0.836113 2.08936 0.905237 0.424908 0.913989 0.333742 0.274232
1.60458 0.872384 2.12641 0.877651 0.4793 0.888648 0.368422 0.299646
1.56993 0.905781 2.17322 0.861172 0.508314 0.865532 0.360878 0.313248
1.53311 0.936439 2.21245 0.856519 0.516115 0.861114 0.360748 0.313248
1.49493 0.965041 2.25309 0.85429 0.519796 0.849018 0.331821 0.32462
1.45612 0.992201 2.29692 0.855844 0.517234 0.784974 0.303355 0.314966
1.41798 1.01719 2.33972 0.863808 0.503821 0.784974 0.303355 0.314966
1.38125 1.03912 2.38018 0.871347 0.490668 0.830581 0.270968 0.312018
1.34351 1.0603 2.42446 0.89901 0.437928 0.853652 0.202463 0.316124
1.30431 1.08248 2.46014 0.89901 0.437928 0.853652 0.202463 0.316124
1.26573 1.10582 2.50205 0.918501 0.395418 0.840339 0.12715 0.312012
1.22631 1.1287 2.53691 0.917692 0.397293 0.83799 0.0968866 0.304073
1.18798 1.1514 2.57172 0.927044 0.374954 0.852264 0.0930996 0.304073
1.14881 1.17383 2.60201 0.93114 0.364661 0.902919 0.144586 0.297532
1.10936 1.19572 2.64076 0.91896 0.39435 0.922583 0.249907 0.29512
1.06757 1.21442 2.67404 0.928803 0.370573 0.931824 0.250138 0.29512
1.02201 1.22942 2.70442 0.911787 0.410663 0.91687 0.380829 0.306245
0.97504 1.24145 2.73765 0.875609 0.483021 0.290518 0.359416 0.291632
0.93132 1.24607 2.76548 0.875609 0.483021 0.290518 0.359416 0.291632
0.89916 1.2441 2.78427 0.837027 0.547161 0.176314 0.410663 0.250541
0.874288 1.23726 2.80582 0.785776 0.618511 0.0864943 0.564738 0.221816
0.854406 1.22524 2.83524 0.785776 0.618511 0.0864943 0.564738 0.221816
0.839436 1.20744 2.86403 0.766692 0.642015 0.0753124 0.549691 0.194919
0.825838 1.18615 2.89308 0.727263 0.686359 0.0716806 0.652141 0.194919
0.813521 1.16424 2.92426 0.752135 0.65901 0.0731718 0.623571 0.187088
0.802532 1.13976 2.9447 0.739124 0.673569 0.245996 0.770808 0.195361
0.790597 1.11344 2.96027 0.799609 0.600522 0.267515 0.71281 0.195361
0.775145 1.08676 2.97208 0.799609 0.600522 0.267515 0.71281 0.218516
0.757102 1.0591 2.98347 0.850703 0.525646 0.340154 0.658373 0.241718
0.738025 1.03207 2.99259 0.850703 0.525646 0.340154 0.658373 0.241718
0.716647 1.00602 3.00545 0.869827 0.493356 0.401218 0.627341 0.272335
0.694126 0.980835 3.0124 0.948503 0.316768 0.383536 0.443047 0.279385
0.671015 0.957745 3.02113 0.948503 0.316768 0.383536 0.443047 0.279385
0.648526 0.940052 3.02476 0.971443 0.237274 0.531488 0.452021 0.271779
0.624745 0.924067 3.0254 0.96939 0.245525 0.867246 0.367124 0.271029
0.595151 0.909813 3.01346 0.979979 0.1991 0.85059 0.353133 0.271029
0.557367 0.900416 2.99755 0.984452 0.175653 0.984452 0.175653 0.275618
0.513843 0.895421 2.98294 0.985525 0.169532 0.985525 0.169532 0.299767
0.465358 0.895945 2.97076 0.987199 0.159493 0.987199 0.159493 0.299767
0.415583 0.898815 2.96406 0.991625 0.129149 0.991625 0.129149 0.332698
0.36476 0.902941 2.9516 0.998599 0.0529096 0.900316 -0.0203297 0.332698
0.31562 0.909339 2.94355 0.998599 0.0529096 0.900316 -0.0203297 0.322547
0.269983 0.919997 2.9339 0.936372 -0.35101 0.936372 -0.35101 0.308973
0.22542 0.935874 2.93326 0.936903 -0.349589 0.936903 -0.349589 0.308973
0.181964 0.959864 2.93317 0.936903 -0.349589 0.936903 -0.349589 0.305482
0.138916 0.986073 2.92393 0.946904 -0.321518 0.946904 -0.321518 0.317266
0.095917 1.01331 2.92063 0.946904 -0.321518 0.946904 -0.321518 0.317266
0.0530934 1.04024 2.92005 0.962826 -0.270123 0.962826 -0.270123 0.333757
0.00946519 1.06667 2.92391 0.969142 0.246502 0.969142 0.246502 0.35392
-0.0343297 1.08796 2.92921 0.954231 0.29907 0.953966 0.287449 0.35392
-0.0781349 1.09713 2.94046 0.957326 0.289011 0.490983 0.376863 0.29071
-0.123435 1.09893 2.94022 0.940913 0.338647 0.320814 0.450718 0.223673
-0.165766 1.09777 2.93449 0.923284 0.384118 0.328214 0.491665 0.223673
-0.196466 1.09055 2.9254 0.886036 0.463616 0.227382 0.608838 0.199506
-0.222442 1.07712 2.93175 0.861284 0.508124 0.137347 0.625009 0.453058
-0.242791 1.05622 2.92302 0.861284 0.508124 0.137347 0.625009 0.453058
-0.259737 1.03178 2.92275 0.997226 -0.0744302 0.997226 -0.0744302 0.443905
-0.278013 1.00839 2.93133 0.996622 -0.082125 0.996622 -0.082125 0.126452
-0.30592 0.993128 2.95664 0.996622 -0.082125 0.996622 -0.082125 0.126452
-0.341111 0.98711 2.9791 0.754366 0.656454 0.754366 0.656454 0.20208
-0.382909 0.986576 2.97837 0.894223 0.447621 0.894223 0.447621 0.20208
-0.42596 0.978697 2.99946 0.918038 0.396493 0.918038 0.396493 0.276958
-0.472104 0.968272 3.0026 0.949293 -0.314393 0.949293 -0.314393 0.333361
-0.520415 0.96352 3.00084 0.982512 -0.186197 0.982512 -0.186197 0.333361
-0.567484 0.971736 3.01635 0.982512 -0.186197 0.982512 -0.186197 0.360774
-0.609753 0.983168 3.02123 0.99038 -0.138376 0.99038 -0.138376 0.369847
-0.637843 0.990986 3.01044 0.991135 -0.132862 0.45688 -0.189038 0.369847
-0.653858 0.996534 3.00001 0.991135 -0.132862 0.45688 -0.189038 0.344434
-0.674216 1.00755 3.00699 0.995992 0.0894429 0.327885 -0.00332559 0.322217
-0.694994 1.01736 3.01827 0.99591 0.0903461 0.285066 -0.0239234 0.322217
-0.711766 1.02009 3.03639 0.972409 0.233284 0.268445 0.0763932 0.288628
-0.7262 1.02172 3.05506 0.973749 0.227625 0.197199 0.0706023 0.259606
-0.73902 1.02087 3.08129 0.973749 0.227625 0.197199 0.0706023 0.259606
-0.749853 1.01882 3.10648 0.965214 0.261461 0.139363 0.0559255 0.243311
-0.759578 1.01627 3.12734 0.935317 0.353811 0.0922232 0.103705 0.231352
-0.767304 1.01398 -3.13282 0.926353 0.376656 0.0922232 0.103705 0.231352
-0.77247 1.0102 -3.11295 0.886192 0.463317 0.0620088 0.106238 0.213116
-0.777343 1.00613 -3.09155 0.840407 0.541956 -0.0159063 0.20818 0.205069
-0.779701 1.00065 -3.06803 0.840407 0.541956 -0.0159063 0.20818 0.205069
-0.780076 0.992018 -3.04416 0.808668 0.588266 -0.0604304 0.312296 0.205
-0.779194 0.981462 -3.02001 0.796886 0.604129 -0.0453917 0.437226 0.208
-0.776262 0.966746 -2.99989 0.796886 0.604129 -0.0453917 0.437226 0.208
-0.772577 0.948387 -2.98042 0.81412 0.580697 -0.0249417 0.466797 0.203711
-0.768711 0.928367 -2.96374 0.80607 0.59182 0.0239404 0.579693 0.199403
-0.765371 0.90602 -2.94983 0.832865 0.553476 0.0315343 0.563167 0.199403
-0.762883 0.880321 -2.93886 0.832865 0.553476 0.0315343 0.563167 0.21513
-0.761363 0.85328 -2.92562 0.887853 0.460127 0.170914 0.594325 0.226899
-0.760777 0.825406 -2.91795 0.887853 0.460127 0.170914 0.594325 0.226899
-0.763396 0.796423 -2.91327 0.913961 0.405801 0.328808 0.609736 0.238318
-0.768247 0.766741 -2.90999 0.961219 0.275786 0.4638 0.555884 0.257803
-0.777391 0.737048 -2.91342 0.919748 -0.392509 0.200606 -0.038266 0.257803
-0.786334 0.722624 -2.97704 0.905209 -0.424968 0.200606 -0.038266 0.219668
-0.795648 0.721646 -2.98912 0.878468 -0.477801 0.382497 -0.677994 0.203872
-0.805441 0.722016 -2.99289 0.85713 -0.5151 0.392454 -0.702662 0.203872
-0.81554 0.721788 -2.99683 0.841211 -0.540707 0.460329 -0.737947 0.190551
-0.825879 0.721737 -3.00171 0.825072 -0.565028 0.48175 -0.759823 0.175141
-0.836158 0.721575 -3.00241 0.833644 -0.552302 0.472116 -0.765942 0.175141
-0.846557 0.721448 -3.00623 0.833644 -0.552302 0.472116 -0.765942 0.16421
-0.857104 0.721438 -3.00931 0.841462 -0.540317 0.507177 -0.77198 0.157445
-0.867328 0.721514 -3.01572 0.841462 -0.540317 0.507177 -0.77198 0.157445
-0.877548 0.721567 -3.01955 0.831869 -0.554971 0.532419 -0.777776 0.150328
-0.887886 0.721949 -3.02274 0.817416 -0.576048 0.581667 -0.775967 0.145304
-0.898142 0.722777 -3.0235 0.848416 -0.52933 0.57159 -0.764083 0.145304
-0.908412 0.723199 -3.03226 0.84086 -0.541252 0.636653 -0.743461 0.144294
-0.918906 0.723213 -3.03547 0.838638 -0.544689 0.68407 -0.719938 0.143457
-0.929054 0.724124 -3.0424 0.878388 -0.477948 0.751511 -0.655479 0.143457
-0.938855 0.724839 -3.04904 0.878388 -0.477948 0.751511 -0.655479 0.323277
-0.948783 0.725748 -3.05438 0.931777 0.363031 0.931777 0.363031 0.324424
-0.959408 0.725993 -3.05635 0.932036 0.362365 0.932036 0.362365 0.324424
-0.969602 0.726577 -3.06451 0.898861 0.438234 0.898861 0.438234 0.320652
-0.979936 0.727433 -3.06938 0.897535 0.440943 0.897535 0.440943 0.324703
-0.990081 0.728477 -3.07366 0.900378 0.435109 0.900378 0.435109 0.324275
-1.00021 0.72942 -3.07897 0.890959 0.454084 0.890959 0.454084 0.324275
-1.01068 0.73016 -3.08277 0.895386 0.445291 0.895386 0.445291 0.325848
-1.02121 0.731314 -3.0861 0.913566 0.406691 0.913566 0.406691 0.140828
-1.03159 0.732372 -3.09118 0.913566 0.406691 0.913566 0.406691 0.140828
-1.04159 0.73416 -3.09433 0.959502 -0.225913 0.959502 -0.225913 0.140416
-1.05175 0.735426 -3.10092 0.957815 -0.232964 0.957815 -0.232964 0.141414
-1.06189 0.73684 -3.10607 0.984333 -0.173094 0.984333 -0.173094 0.141414
-1.07211 0.738701 -3.11062 0.982845 -0.181351 0.982845 -0.181351 0.146159
-1.08238 0.740173 -3.11655 0.987458 -0.15427 0.987458 -0.15427 0.15243
-1.09248 0.741633 -3.12168 0.928876 0.37039 0.928876 0.37039 0.15243
-1.10239 0.74354 -3.1226 0.928876 0.37039 0.928876 0.37039 0.157009
-1.11292 0.744918 -3.12945 0.90511 0.425177 0.90511 0.425177 0.167915
-1.12316 0.746318 -3.136 0.889125 0.457665 0.889125 0.457665 0.180796
-1.1281 0.747158 -3.13755 0.889125 0.457665 0.889125 0.457665 0.180796
-1.14355 0.749667 3.13674 0.85167 0.524079 0.85167 0.524079 0.194033
-1.15363 0.751842 3.1345 0.834444 0.551093 0.834444 0.551093 0.21052
-1.1635 0.753587 3.12885 0.814554 0.580088 0.814554 0.580088 0.21052
-1.17375 0.755735 3.12205 0.792669 0.609652 0.792669 0.609652 0.217842
-1.18375 0.757888 3.11731 0.76761 0.640917 0.76761 0.640917 0.23328
-1.19393 0.760069 3.11158 0.750889 0.660428 0.750889 0.660428 0.23328
-1.20417 0.761986 3.10564 0.734227 0.678904 0.734227 0.678904 0.246127
-1.21446 0.764365 3.10243 0.711165 0.703025 0.711165 0.703025 0.2605
-1.2244 0.76646 3.09728 0.696846 0.71722 0.696846 0.71722 0.273718
-1.23438 0.76879 3.0926 0.673741 0.738967 0.673741 0.738967 0.273718
-1.24431 0.771348 3.08767 0.660799 0.750563 0.660799 0.750563 0.28662
-1.25411 0.773991 3.08193 0.632165 0.774834 0.632165 0.774834 0.300794
-1.26379 0.776626 3.07664 0.632165 0.774834 0.632165 0.774834 0.300794
-1.27404 0.779363 3.07172 0.604457 0.796638 0.604457 0.796638 0.314031
-1.28319 0.781992 3.06532 0.593533 0.80481 0.593533 0.80481 0.329169
-1.29405 0.785252 3.06135 0.593533 0.80481 0.593533 0.80481 0.329169
-1.30423 0.787821 3.0554 0.561635 0.827385 0.561635 0.827385 0.342669
-1.31406 0.790321 3.05196 0.55113 0.834419 0.55113 0.834419 0.355859
-1.32403 0.793195 3.0467 0.532076 0.846697 0.532076 0.846697 0.355859
-1.33394 0.796463 3.04063 0.522716 0.852507 0.522716 0.852507 0.37186
-1.34403 0.799588 3.03839 0.49865 0.866804 0.49865 0.866804 0.386781
-1.35447 0.801951 3.03437 0.489503 0.872002 0.489503 0.872002 0.400015
-1.36431 0.804865 3.02898 0.489503 0.872002 0.489503 0.872002 0.400015
-1.37383 0.808217 3.02391 0.482302 0.876005 0.482302 0.876005 0.415064
-1.38366 0.811522 3.01939 0.47401 0.88052 0.47401 0.88052 0.431057
-1.39351 0.814712 3.01483 0.423145 0.906062 0.423145 0.906062 0.431057
-1.40353 0.818316 3.01319 0.415882 0.909418 0.415882 0.909418 0.444152
-1.41319 0.821493 3.00546 0.379487 0.925197 0.379487 0.925197 0.459038
-1.42286 0.824843 3.00144 0.379487 0.925197 0.379487 0.925197 0.459038
-1.43242 0.828448 2.99729 0.373664 0.927564 0.373664 0.927564 0.474963
-1.44255 0.831868 2.99427 0.327792 0.94475 0.327792 0.94475 0.487998
-1.45219 0.83587 2.99106 0.323179 0.946338 0.323179 0.946338 0.487998
-1.4622 0.839117 2.98431 0.323179 0.946338 0.323179 0.946338 0.504352
-1.47165 0.843073 2.97878 0.317762 0.948171 0.317762 0.948171 0.519067
-1.48099 0.846753 2.97442 0.258468 0.96602 0.258468 0.96602 0.520327
-1.49057 0.850477 2.96773 0.258468 0.96602 0.258468 0.96602 0.520327
-1.50046 0.854331 2.96431 0.258072 0.966126 0.258072 0.966126 0.52751
-1.51017 0.858186 2.96203 0.25591 0.966701 0.25591 0.966701 0.548474
-1.51975 0.862067 2.9557 0.25591 0.966701 0.25591 0.966701 0.548474
-1.52923 0.865914 2.95032 0.176884 0.984232 0.176884 0.984232 0.545697
-1.53885 0.869636 2.94649 0.17766 0.984092 0.17766 0.984092 0.549448
-1.54832 0.873381 2.94031 0.143079 0.989711 0.143079 0.989711 0.549448
-1.55809 0.877308 2.93556 0.142027 0.989863 0.142027 0.989863 0.568236
-1.56788 0.881663 2.93141 0.106515 0.994311 0.106515 0.994311 0.579668
-1.577 0.885973 2.92485 0.103581 0.994621 0.103581 0.994621 0.579668
-1.58645 0.890144 2.92162 0.103581 0.994621 0.103581 0.994621 0.581124
-1.59612 0.893991 2.9162 0.0578748 0.998324 0.0578748 0.998324 0.595559
-1.60579 0.898279 2.91333 0.0543346 0.998523 0.0543346 0.998523 0.614143
-1.61557 0.902417 2.90785 0.027322 0.999627 0.027322 0.999627 0.614143
-1.62498 0.906818 2.90394 0.0229888 0.999736 0.0229888 0.999736 0.610792
-1.63409 0.911103 2.89696 -0.00691995 0.999976 -0.00691995 0.999976 0.623079
-1.64338 0.916059 2.89498 -0.00691995 0.999976 -0.00691995 0.999976 0.623079
-1.65287 0.920211 2.88572 -0.00970728 0.999953 -0.00970728 0.999953 0.64547
-1.66264 0.924728 2.88622 -0.0549636 0.998488 -0.0549636 0.998488 0.649362
-1.67185 0.930421 2.88664 -0.0549636 0.998488 -0.0549636 0.998488 0.649362
-1.68082 0.93503 2.88091 -0.0833847 0.996517 -0.0833847 0.996517 0.653208
-1.68982 0.940149 2.87244 -0.0844577 0.996427 -0.0844577 0.996427 0.670869
-1.69918 0.944096 2.8706 -0.110391 0.993888 -0.110391 0.993888 0.670869
-1.70856 0.948574 2.86786 -0.110391 0.993888 -0.110391 0.993888 0.687598
-1.71774 0.953549 2.85663 -0.14885 0.98886 -0.14885 0.98886 0.688891
-1.72659 0.958791 2.85232 -0.167823 0.985817 -0.167823 0.985817 0.688891
-1.73559 0.963938 2.8487 -0.167823 0.985817 -0.167823 0.985817 0.703235
-1.74499 0.967999 2.84146 -0.222679 0.974892 -0.222679 0.974892 0.725591
-1.75389 0.973695 2.84112 -0.24362 0.969871 -0.24362 0.969871 0.727155
-1.76335 0.978291 2.83328 -0.362884 0.931834 -0.362884 0.931834 0.727155
-1.77144 0.983543 2.82723 -0.394967 0.918695 -0.394967 0.918695 0.739107
-1.78101 0.988272 2.82311 -0.453104 0.891457 -0.453104 0.891457 0.757033
-1.79074 0.9935 2.82111 -0.46467 0.885484 -0.46467 0.885484 0.757033
-1.79981 0.998422 2.81729 -0.462709 0.88651 -0.462709 0.88651 0.769366
-1.80821 1.00458 2.81399 -0.481852 0.876252 -0.481852 0.876252 0.77519
-1.8177 1.00959 2.80828 -0.481122 0.876654 -0.481122 0.876654 0.77519
-1.8258 1.0152 2.8039 -0.499204 0.866485 -0.499204 0.866485 0.790876
-1.8347 1.02038 2.79803 -0.497294 0.867582 -0.497294 0.867582 0.811401
-1.84319 1.02637 2.79629 -0.514203 0.857669 -0.514203 0.857669 0.811401
-1.85194 1.03143 2.79159 -0.514203 0.857669 -0.514203 0.857669 0.813643
-1.86134 1.03682 2.78806 -0.51393 0.857832 -0.51393 0.857832 0.830225
-1.86987 1.04235 2.7834 -0.541746 0.840542 -0.541746 0.840542 0.851098
-1.87893 1.04787 2.77721 -0.541746 0.840542 -0.541746 0.840542 0.851098
-1.8874 1.0536 2.77234 -0.552887 0.833256 -0.552887 0.833256 0.852924
-1.896 1.05861 2.76423 -0.552713 0.833372 -0.552713 0.833372 0.863741
-1.90441 1.06484 2.76169 -0.574787 0.818303 -0.574787 0.818303 0.863741
-1.91288 1.07043 2.7563 -0.573811 0.818988 -0.573811 0.818988 0.882253
-1.92185 1.07595 2.75124 -0.57219 0.820121 -0.57219 0.820121 0.901359
-1.93038 1.082 2.74644 -0.577505 0.816387 -0.577505 0.816387 0.901359
-1.93882 1.08738 2.74253 -0.577505 0.816387 -0.577505 0.816387 0.908458
-1.94701 1.09387 2.74061 -0.611017 0.791617 -0.611017 0.791617 0.923835
-1.9559 1.09947 2.73301 -0.609881 0.792493 -0.609881 0.792493 0.934212
-1.96435 1.10591 2.72743 -0.623156 0.782098 -0.623156 0.782098 0.934212
-1.97228 1.112 2.72454 -0.622449 0.782661 -0.622449 0.782661 0.942586
-1.98013 1.11797 2.71654 -0.621892 0.783103 -0.621892 0.783103 0.958164
-1.98938 1.12419 2.71797 -0.643824 0.765174 -0.643824 0.765174 0.958164
-1.99613 1.1313 2.68363 -0.642835 0.766004 -0.642835 0.766004 0.972279
-2.00502 1.13573 2.69333 -0.663567 0.748117 -0.663567 0.748117 0.978648
-2.0132 1.14232 2.6902 -0.663567 0.748117 -0.663567 0.748117 0.978648
-2.02125 1.14834 2.68507 -0.67599 0.736911 -0.67599 0.736911 0.994019
-2.0302 1.15453 2.68828 -0.675148 0.737683 -0.675148 0.737683 1.00844
-2.0385 1.16085 2.68531 -0.693564 0.720395 -0.693564 0.720395 1.00844
-2.0465 1.16696 2.67996 -0.69821 0.715893 -0.69821 0.715893 1.019
-2.05369 1.17317 2.66856 -0.697693 0.716397 -0.697693 0.716397 1.01048
-2.06182 1.17949 2.66347 -0.698173 0.715929 -0.698173 0.715929 1.00047
-2.07048 1.18613 2.66173 -0.698173 0.715929 -0.698173 0.715929 1.00047
-2.07831 1.19326 2.65534 -0.719284 0.694717 -0.719284 0.694717 0.988375
-2.08635 1.19971 2.65048 -0.719961 0.694015 -0.719961 0.694015 0.976409
-2.09506 1.20618 2.65631 -0.734714 0.678377 -0.734714 0.678377 0.976409
-2.10238 1.21323 2.64189 -0.739948 0.672664 -0.739948 0.672664 0.966358
-2.10373 1.21423 2.63939 -0.739948 0.672664 -0.739948 0.672664 0.966358
-2.10373 1.21423 2.63939 -0.739948 0.672664 -0.739948 0.672664 0.966358
-2.10373 1.21423 2.63939 -0.739948 0.672664 -0.739948 0.672664 0.966358
-2.10373 1.21423 2.63939 -0.739948 0.672664 -0.739948 0.672664 0.966358
-2.10373 1.21423 2.63939 -0.739948 0.672664 -0.739948 0.672664 0.966358
-2.10373 1.21423 2.63939 -0.739948 0.672664 -0.739948 0.672664 0.966358
-2.10373 1.21423 2.63939 -0.739948 0.672664 -0.739948 0.672664 0.966358
-2.10373 1.21423 2.63939 -0.739948 0.672664 -0.739948 0.672664 0.966358
-2.10373 1.21423 2.63939 -0.739948 0.672664 -0.739948 0.672664 0.966358
-2.10373 1.21423 2.63939 -0.739948 0.672664 -0.739948 0.672664 0.966358
-2.10373 1.21423 2.63939 -0.739948 0.672664 -0.739948 0.672664 0.966358
